
Last position-specific scoring matrix computed, weighted observed percentages rounded down, information per position, and relative weight of gapless real matches to pseudocounts
            A   R   N   D   C   Q   E   G   H   I   L   K   M   F   P   S   T   W   Y   V   A   R   N   D   C   Q   E   G   H   I   L   K   M   F   P   S   T   W   Y   V
    1 T     0  -3   0   1  -3   1   1  -3  -3  -1  -2  -1  -3  -4   0   2   4  -5  -4  -1    8   0   4   7   0   5   7   0   0   4   3   3   0   0   4  18  34   0   0   3  0.44 0.34
    2 I     0  -1   0  -3  -3  -1  -1  -2   1   3  -1  -1   2  -1  -1   0   1  -4  -1   1    5   3   5   0   0   3   4   2   4  20   4   3   7   3   3   9  12   0   2  12  0.14 0.19
    3 Q    -1   0   0   1  -4   4   2  -1  -2  -1  -3   0   0  -1   0   0  -1  -4   0  -1    5   4   4   6   0  27  14   3   0   4   0   5   3   3   5   5   4   0   3   4  0.31 0.30
    4 N     0   0   1   0   2   1   0   0   2   0  -1   0   1  -3   1   0   0  -3  -2   0    6   6   6   6   6   6   6   6   6   6   6   6   6   0   6   6   6   0   0   6  0.06 0.10
    5 D     0   1   1   1  -3   1   0   0   2   0  -1   0  -1  -3   1   0   0  -3  -2   0    7   7   7   7   0   7   7   7   7   7   7   7   0   0   7   7   7   0   0   7  0.09 0.09
    6 I    -1  -3  -2  -1  -1  -1  -1  -2  -4   3   2  -2   0  -2   0  -1   1  -4  -2   2    3   0   1   4   1   2   5   4   0  24  23   1   1   0   5   4   9   0   1  12  0.26 0.24
    7 P     1  -2  -2  -2  -4  -2  -2  -2  -2  -2   1  -1  -1  -2   6  -1   0  -5  -2  -1   10   2   1   2   0   2   2   3   1   2  15   3   1   2  40   3   6   0   2   4  0.70 0.42
    8 D     1   1   0   0  -3   0  -1   0   1  -3  -1  -1  -1  -4   2   3   0  -4  -3  -2   11   8   3   6   0   4   3   5   4   0   7   3   1   0   9  28   6   0   0   2  0.26 0.26
    9 L    -3   0  -4   1  -4  -2  -2  -3  -5   1   5  -2   1  -1  -2  -3  -2  -4  -1  -1    2   5   0  10   0   2   2   2   0   5  57   2   2   2   2   2   2   0   2   3  0.65 0.45
   10 Y     1   0  -1  -1   1   0  -1  -2   1  -2   1   4  -2  -1  -3  -1  -1   1   0  -2   13   5   2   3   3   3   3   2   4   2  13  29   0   3   0   4   2   2   4   2  0.23 0.27
   11 S     0  -1   0   3   1   1   2   0   1  -3  -2   0  -3   0  -1   0   0  -4   0  -2    9   3   4  17   3   5  16   5   3   0   4   5   0   6   3   4   6   0   3   3  0.18 0.19
   12 V     0   0   1  -2  -3   1   0   0   2   0   0   0   1   1  -3   0   0  -2   1   0    6   6   6   0   0   6   6   6   6   6   6   6   6   6   0   6   6   0   6   6  0.05 0.10
   13 F     0   0  -2  -3  -3   1   0   0   2   0  -1   0   1   1   1   0   0   4   1   0    6   6   0   0   0   6   6   6   6   6   6   6   6   6   6   6   6   6   6   6  0.10 0.14
   14 K     0   0   0   0   2   1   0   0   2   0  -1   0   1  -2   1   0   0  -3   1   0    6   6   6   6   6   6   6   6   6   6   6   6   6   0   6   6   6   0   6   6  0.05 0.09
   15 D     0   0   1   0   2   1   0   0   2   0  -1   0  -1  -3   1   0   0  -3  -2   0    6   6   6   6   6   6   6   6   6   6   6   6   0   0   6   6   6   0   0   6  0.08 0.09
   16 Y     0   0   0   0   2   1   0   0   2   0  -1   0   1   0  -3   0   0  -3   1   0    6   6   6   6   6   6   6   6   6   6   6   6   6   6   0   6   6   0   6   6  0.04 0.08
   17 F     0   0  -2   0   2   1  -2   0   2   0  -1   0  -2   1  -3   0   0   4   1   0    6   6   0   6   6   6   0   6   6   6   6   6   0   6   0   6   6   6   6   6  0.10 0.15
   18 P    -2  -1  -1   1  -3  -1  -1  -2  -1  -1   2   1   1  -1   4  -1   0  -3   0  -1    2   3   1  12   0   1   2   3   2   1  23  12   4   2  19   2   4   0   4   2  0.25 0.15
   19 I    -2  -4  -4  -5  -3  -4  -4  -5  -4   4   2  -4   3   4  -4  -3  -1   2   0   2    2   0   0   0   0   0   0   0   0  36  15   0   8  20   0   0   4   2   2  10  0.58 0.24
   20 G     0  -4   0   0  -5  -4  -4   6  -4  -6  -6  -4  -5  -6   1   0  -4  -5  -5  -5    5   0   5   5   0   0   0  73   0   0   0   0   0   0   7   5   0   0   0   0  1.41 0.44
   21 V     1  -3   2   0   3  -2  -2  -1  -2  -1  -1  -2   1   1  -3   1   3  -3   0   1   12   0  12   6   7   0   0   3   0   3   3   0   4   7   0   7  22   0   3  11  0.21 0.20
   22 A     4  -4  -3  -4   3  -3   0   0  -4   1  -1  -3  -2  -4  -3   0   1  -4  -4   0   44   0   0   0   8   0   6   6   0  10   7   0   0   0   0   6   7   0   0   7  0.48 0.30
   23 V     0  -3  -2   0   2  -2   0   0  -2   0   0  -2   2   1   1   0   0   4   1   0    7   0   0   7   7   0   7   7   0   7   7   0   7   7   7   7   7   7   7   7  0.13 0.16
   24 D    -1   0   0   0   2   0   0  -1   2   0  -1   0   2   1   0  -1   0   4   1  -1    5   5   5   5   5   5   5   5   5   5   5   5   5   5   5   5   5   5   5   5  0.10 0.09
   25 P    -1   0   0   0  -3   0   0  -1   2   0  -1   0   1   0   0   0   0   3   1   0    5   5   5   5   0   5   5   5   5   5   5   5   5   5   5   5   5   5   5   5  0.06 0.09
   26 S    -1   0   0   0  -3   0   0  -1   2   0  -1   0   1   0   0   0   0   3   1   0    5   5   5   5   0   5   5   5   5   5   5   5   5   5   5   5   5   5   5   5  0.06 0.09
   27 R    -1   0   0   0   2   0   0  -1   2   0  -1   0   2   1   0  -1   0   4   1  -1    5   5   5   5   5   5   5   5   5   5   5   5   5   5   5   5   5   5   5   5  0.10 0.09
   28 L     0  -2   1   0  -3   1  -2  -3   2   0   0   0   2   1   1   0   0   4   1   0    6   0   6   6   0   6   0   0   6   6   6   6   6   6   6   6   6   6   6   6  0.12 0.17
   29 N     0   0   0   0  -3   1   0   0   2   0  -1   0   1   0   1   0   0  -2   1   0    6   6   6   6   0   6   6   6   6   6   6   6   6   6   6   6   6   0   6   6  0.04 0.06
   30 D     1  -1   2   3  -3  -1   0   1  -2  -2  -2  -2  -2   0   2   1   0  -4  -2  -1   11   3  10  22   0   0   4  11   0   0   4   0   0   5  11   9   4   0   0   6  0.24 0.15
   31 A     0   0   0   1  -3   1   1  -1   0   0  -1   0   0  -1   3   0   0  -3   0   0   10   5   4   9   0   5   8   4   3   5   5   5   3   3  14   4   4   0   3   6  0.12 0.12
   32 D    -1   0   0   0   2   0   0  -1   2   0  -1   0   1   0   0   0   0   3   1  -1    5   5   5   5   5   5   5   5   5   5   5   5   5   5   5   5   5   5   5   5  0.07 0.09
   33 P     1  -2  -2  -2  -2  -1  -1  -2  -2  -3  -3  -1  -2  -3   7   0  -1  -4  -3  -2   23   0   0   0   0   0   0   0   0   0   0   0   0   0  77   0   0   0   0   0  1.43 0.00
   34 H    -2   0   1  -1  -3   0   0  -2   8  -3  -3  -1  -2  -1  -2  -1  -2  -3   2  -3    0   0   0   0   0   0   0   0 100   0   0   0   0   0   0   0   0   0   0   0  0.87 0.00
   35 A    -1   0   0   0   2   0   0  -1   2   0  -1   0   2   1   0  -1   0   4   1  -1    5   5   5   5   5   5   5   5   5   5   5   5   5   5   5   5   5   5   5   5  0.10 0.09
   36 Q     0   1   1   1  -3   1   0   0   2  -2  -1   0   1  -3   1   0   0  -3  -2   0    7   7   7   7   0   7   7   7   7   0   7   7   7   0   7   7   7   0   0   7  0.10 0.12
   37 L     0   0  -2   0  -3   1  -2  -3   2   0   0   0   2   1   1  -2   0   4   2   0    7   7   0   7   0   7   0   0   7   7   7   7   7   7   7   0   7   7   7   7  0.14 0.18
   38 T     0  -2   1  -3  -3   1  -2  -3   2   0   0   0   2   1  -3   0   0   4   2   0    7   0   7   0   0   7   0   0   7   7   7   7   7   7   0   7   7   7   7   7  0.16 0.18
   39 A     0   0   0   0   2   0   0  -1   1   0  -1   0   1   0   0   0   0  -3   1   0    5   5   5   5   5   5   5   5   5   5   5   5   5   5   5   5   5   0   5   5  0.03 0.06
   40 K     1   2   0   0  -1   1   0  -1   1  -2  -2   2   1  -2  -2   0   0   0  -1  -2   12  11   4   4   1   8   3   3   3   1   3  19   6   1   1   8   6   1   2   1  0.17 0.16
   41 H    -3  -2   0   1  -4   3   3  -4   7  -4  -2  -2   0  -3  -3  -1  -3  -4   1  -2    0   0   4   7   0  13  20   0  39   0   3   0   3   0   0   3   0   0   4   3  0.81 0.37
   42 F    -1  -3  -1  -4   1  -3  -3  -1   2  -2  -1  -3   1   6   0  -1  -2  -1   3   0    6   0   4   0   4   0   0   4   8   0   4   0   4  43   4   4   0   0   7   7  0.53 0.30
   43 N     0   0   4   1  -3   0   0   1   1  -1  -4   0  -3  -4  -3   2   0  -4  -3  -3    5   5  33   5   0   4   4  10   4   4   0   5   0   0   0  16   5   0   0   0  0.39 0.23
   44 M     0  -2  -1  -3   1   2  -2  -1  -1   0  -1  -2   3  -2  -3   3   0   2  -2   0    6   1   1   0   3  12   1   3   1   7   3   0  11   1   0  34   5   3   1   7  0.31 0.26
   45 L    -1  -4  -3  -5  -3  -4  -4  -5  -4   4   2  -4   2   0  -4  -3  -1   0  -1   4    4   0   1   0   0   0   0   0   0  28  21   0   6   2   0   1   2   1   2  32  0.61 0.29
   46 V    -1  -4  -3  -4  -3  -3  -4  -4  -4  -3  -3  -3   1  -4  -4   1   7  -5  -4   2    3   0   0   0   0   0   0   0   0   0   0   0   3   0   0   7  73   0   0  15  1.33 0.58
   47 A     4  -4  -2  -3   0  -3  -2  -2  -1  -2  -3  -3  -1  -2   6   0  -1  -5  -4  -1   37   0   2   0   2   0   2   2   1   2   2   0   1   2  38   4   2   0   0   4  0.91 0.39
   48 E     0   1  -1   1   3   1   1   0  -2  -1   0  -1   2  -3  -2   0   1  -3  -2   0    8   8   0   8   8   8   8   8   0   0   8   0   8   0   0   8   8   0   0   8  0.11 0.13
   49 N    -6  -5   9  -2  -7  -5  -5  -5  -1  -8  -8  -5  -7  -3  -7  -1  -2   0   0  -7    0   0  87   1   0   0   0   0   1   0   0   0   0   1   0   3   2   1   3   0  2.54 0.86
   50 A     2  -3  -2   1   5  -1   4  -2   1  -1  -3  -2  -1  -3  -4   0  -2  -5  -2   0   18   1   1   8  12   2  27   2   3   4   1   1   1   1   0   7   2   0   1   8  0.46 0.30
   51 M    -3  -6  -6  -7  -1  -2  -3  -4  -6   1   1  -6  10  -1  -7  -6  -3   0  -5  -3    1   0   0   0   1   2   2   2   0   6  11   0  71   2   0   0   2   1   0   0  2.26 0.82
   52 K    -5  -2  -4  -5  -7  -3   0  -6  -5  -7  -7   8  -6  -7  -5  -4  -5  -7   1  -7    0   0   0   0   0   0   6   0   0   0   0  89   0   0   0   0   0   0   5   0  2.33 0.86
   53 P    -1  -5  -5  -6  -1  -3  -5  -2  -5  -2  -3  -5   3   3   5  -1  -3   8  -1  -2    4   0   0   0   1   1   0   3   0   2   1   0   9  12  30   6   1  25   2   2  1.33 0.55
   54 E     0   0   0   3  -4   0   3   1  -1  -3  -3  -1   1  -3  -2   1  -2  -5  -2  -3    5   6   3  17   0   3  23  13   1   2   1   1   5   1   1  13   1   0   1   2  0.37 0.25
   55 S     2  -1   2  -2  -3  -1   1  -2   0  -2  -2  -1  -1   0   1   2   0  -1   2  -1   17   3  10   1   0   1  13   1   1   2   2   2   1   4   6  16   5   1   8   5  0.19 0.18
   56 L    -2  -5  -3  -5  -4  -5  -5  -6  -5   5   3  -5   1  -1  -5  -3   2   2  -1   2    2   0   1   0   0   0   0   0   0  32  27   0   3   1   0   1  12   3   1  15  0.75 0.36
   57 Q    -2   0  -1  -3  -2   4   3  -3   6  -4   0  -2  -1  -2  -5  -2  -2  -4   2  -3    3   4   2   0   1  19  19   2  24   0  11   1   1   1   0   2   2   0   8   1  0.74 0.40
   58 P    -2  -2   1   1  -6  -3  -4  -3  -5   0  -6  -2  -2  -7   7  -2  -2  -7  -6  -2    3   3   6   7   0   1   0   1   0   6   0   2   1   0  63   2   2   0   0   3  1.61 0.62
   59 T     0   1   0   0  -4   1   2   1   1  -2  -2   0  -1  -2  -1   1   0   1   0  -1    9   6   3   4   0   8  15  10   4   2   2   6   2   2   2   9   6   2   3   5  0.13 0.15
   60 E     0   1   0   1  -4   1   3  -2  -3  -1  -2   0   0  -1   2  -1  -1   2   0  -2    7   8   5   7   0   6  20   3   0   3   4   5   3   3  11   4   3   3   3   3  0.21 0.20
   61 G     0   0   1   2  -4   0   1   3   1  -2  -2   0  -4  -4  -4  -1  -1   2   0  -4    8   6   7  13   0   4   8  25   4   3   4   4   0   0   0   4   4   3   3   0  0.31 0.26
   62 N    -1   1   1  -1  -3   2   1   1   0  -1  -2   1  -1  -2  -3   1   1  -4  -1   1    4   7   5   2   0  10   8  10   2   3   2   9   2   2   0   9  10   0   2  13  0.12 0.17
   63 F     0   0   0   0  -3   0  -2   0   2   0  -1   0  -2   1   1   0   0   4   1   0    6   6   6   6   0   6   0   6   6   6   6   6   0   6   6   6   6   6   6   6  0.08 0.12
   64 T    -1  -1   2   3   1   1   0  -1   1  -1  -2  -1  -3  -1  -1  -1   2  -4   1  -2    3   3  13  20   3   6   5   4   4   3   4   4   0   3   3   4  12   0   5   3  0.22 0.23
   65 F    -2   0   1  -2  -3  -2   0  -3   2   0   0  -2   2   1   1   0   0   4   2   0    0   7   7   0   0   0   7   0   7   7   7   0   7   7   7   7   7   7   7   7  0.17 0.18
   66 D     0   1   1   1   2   1   0   0   2  -3  -3   0  -2  -3   1   0   0  -3   1  -1    7   7   7   7   7   7   7   7   7   0   0   7   0   0   7   7   7   0   7   7  0.14 0.15
   67 N     2  -1   1   2  -4   1   1   1   0  -1  -2   0  -2  -3   2   0  -1  -2  -2  -2   20   3   7  11   0   6   9   9   2   3   3   5   1   1  10   4   4   0   1   1  0.19 0.17
   68 A     6  -5  -5  -5  -1  -2  -2   2  -5  -3  -3  -4  -2  -4  -1   0  -1  -6  -5  -2   61   0   0   0   1   2   2  16   0   1   2   0   1   1   3   5   2   0   0   3  1.05 0.57
   69 D    -4  -3  -1   8  -8  -2  -1  -4  -5  -1  -6  -2  -7  -7  -6  -3  -4  -8  -4  -5    1   1   2  81   0   2   3   1   0   3   1   2   0   0   0   1   1   0   1   1  2.13 0.86
   70 K     2   3  -1   0  -3   3   1  -3  -1  -3  -2   2  -2  -2  -1   0   0  -4  -1  -2   20  16   2   4   0  13   8   1   1   1   2  13   1   1   3   5   5   0   2   2  0.31 0.25
   71 I    -3  -5  -6  -6  -2  -3  -3  -6  -2   5   3  -5   2   2  -6  -3  -2  -4   1   1    2   0   0   0   1   1   1   0   1  33  33   0   5   8   0   2   1   0   4   7  0.83 0.42
   72 V     0  -4  -6  -6  -2  -4  -6  -6  -6   1   1  -4   3  -1  -6  -2  -3  -6  -1   6    7   1   0   0   1   1   0   0   0   7  10   1   7   2   0   3   1   0   2  59  1.11 0.55
   73 D     1  -1   3   4  -5   1   2  -1  -1  -5  -4   0  -4  -5  -4   1  -1  -2  -3  -4   14   3  15  25   0   5  14   3   1   0   1   5   0   0   0   9   4   1   1   1  0.55 0.35
   74 Y    -3  -1  -3  -5  -6  -2  -4  -5   2  -3   0  -1  -1   7  -6  -2  -3   4   4  -3    1   4   1   1   0   2   0   1   5   1   9   4   1  48   0   3   1   6  11   1  1.17 0.54
   75 A     6  -6  -5  -6   1  -5  -5   1  -6  -1  -5  -5  -5  -6  -2  -1  -3  -7  -6  -1   72   0   0   0   3   0   0  11   0   3   0   0   0   0   2   3   1   0   0   4  1.44 0.70
   76 I    -1   3  -2  -1  -3   3   3  -4  -1  -1  -1   2  -1  -1  -4  -2   0  -2  -3   0    6  15   1   2   0  17  18   1   1   3   7  12   1   3   0   2   5   0   1   6  0.34 0.27
   77 A     3   1  -1   2  -1   2   2  -2  -2  -5  -4   2  -2  -5  -4   1  -1  -5  -4  -3   23   6   3   9   1  10  16   2   1   0   1  14   1   0   0  11   2   0   0   1  0.44 0.32
   78 H    -2  -1   5  -1   1   0  -1  -2   7  -2  -3  -1   0  -1  -6  -2  -1   2   0  -2    3   3  26   3   3   3   3   3  23   3   3   4   3   3   0   3   3   3   4   3  0.76 0.41
   79 N     0   1   2   1  -3   2   1   1   3  -3  -3   1  -2  -3  -2   1   1  -3  -2  -3    9   9   9   9   0   9   9   9   9   0   0   9   0   0   0   9   9   0   0   0  0.25 0.13
   80 M    -2  -3  -3  -4  -2   3  -3  -4  -1   2   1   1   8  -2  -5  -3  -2  -2  -2  -2    3   1   1   1   1  16   1   1   2  10  11   8  41   1   0   1   2   1   1   1  0.90 0.43
   81 K     0   3   0   0  -3   2   0  -2   0  -1  -1   3  -1   1  -2  -1  -1  -1   0  -2    8  16   3   4   0  13   5   1   2   3   5  19   1   7   1   2   4   1   2   2  0.20 0.14
   82 M    -2  -3  -5  -5  -1  -4  -4  -5  -4   3   2  -3   4   0  -3  -3  -1  -4  -1   4    1   1   0   0   1   0   0   0   0  20  17   1  12   3   1   1   2   0   1  39  0.69 0.29
   83 R    -3   6  -2  -4  -5   0   0  -5   2   0  -2  -1  -3  -2  -4  -3  -1   0   2   0    1  55   1   0   0   2   6   0   6   5   2   1   0   1   0   0   3   1   8   6  0.90 0.38
   84 G    -1  -5  -3  -4   0  -5  -5   7  -5  -6  -4  -4  -1   1  -5  -3  -4   3  -1  -5    4   0   0   0   2   0   0  79   0   0   2   0   2   6   0   0   0   4   2   0  1.62 0.50
   85 H    -3  -2  -2  -3  -5   1  -2  -4  10  -5  -5  -3  -4  -3  -4   1  -3  -4   2  -5    0   0   0   0   0   6   0   0  76   0   0   0   0   0   0  11   0   0   7   0  1.93 0.44
   86 T     0  -2   3  -2   2  -2  -2  -2  -2  -2  -3  -2  -2  -3   1   2   4  -4  -3   1    7   0  16   0   5   0   0   0   0   0   0   0   0   0   7  12  40   0   0  12  0.48 0.21
   87 L    -2  -3  -4  -2   1  -3  -4  -4  -4   2   4  -3   1   1   0  -3  -1  -3  -2   0    3   0   0   3   3   0   0   0   0  11  63   0   3   5   5   0   3   0   0   3  0.55 0.20
   88 L    -1  -3  -2  -4   1  -3  -2  -2  -3   3   1  -3   1   1  -4  -2  -1  -3   0   4    4   0   2   0   4   0   2   2   0  18   6   0   3   5   0   0   2   0   2  50  0.44 0.18
   89 W    -5  -5  -5  -6  -5   0  -5  -1  -4  -5  -5  -5  -4  -2  -6  -1  -5  12   2  -6    0   0   0   0   0   6   0   5   0   0   0   0   0   0   0   5   0  79   5   0  3.19 0.60
   90 H     0  -2   1   1  -3   1   1   0   2  -3  -2   0   1   1   1   0   0  -2   1  -2    7   0   7   7   0   7   7   7   7   0   0   7   7   7   7   7   7   0   7   0  0.15 0.17
   91 N    -1   0   3  -2  -5   3   0  -3   0  -3  -4   0  -2  -3  -2   4  -1  -2  -3  -3    5   4  16   1   0  14   5   1   2   1   1   5   1   1   2  35   3   1   1   1  0.58 0.41
   92 Q    -3  -2  -2  -2  -7   8  -1  -4  -1  -7  -7  -2  -1  -7  -6  -2  -3  -7  -2  -7    2   1   2   2   0  81   2   1   1   0   0   2   1   0   0   3   1   0   1   0  2.26 0.95
   93 V     0  -2  -1  -2  -1   0  -2  -2  -2   1   1  -2   2  -1  -2   1   3  -4  -1   1    5   1   2   2   1   4   1   2   1   9  17   1   6   3   1  11  22   0   2   8  0.22 0.21
   94 P     0  -2  -2  -5   0  -5  -3   0   1  -7  -7  -5  -6  -8   8  -2  -2  -8  -7  -6    8   2   2   0   2   0   2   8   3   0   0   0   0   0  69   3   2   0   0   0  1.97 0.79
   95 D     0  -1   1   4  -4  -1   2   1  -1  -3  -4   0  -2  -3   0   0   1  -1  -2  -3   10   3   5  26   0   2  13   9   1   1   1   6   1   1   3   8   8   1   1   2  0.35 0.24
   96 W    -3  -2  -8  -4  -1  -3  -3  -3   0  -7  -4  -7  -6   0  -2  -4  -7  12  -1  -7    2   2   0   1   1   1   2   3   2   0   2   0   0   3   3   1   0  74   2   0  3.35 1.12
   97 F    -2  -5  -6  -6  -4  -5  -5  -3  -1   1   3  -5   5   5  -6  -5  -2   1   0   3    3   0   0   0   0   0   0   2   2   7  23   0  16  22   0   0   2   2   3  20  0.82 0.42
   98 F    -3  -2  -1  -3   0   0  -2  -5   2  -3   0  -2  -3   7  -4  -1   0   2   2  -3    1   2   3   2   2   4   2   0   5   1   6   2   0  47   1   5   7   3   5   1  0.87 0.45
   99 Q     0   0   0   0  -3   1   0   0   2   0  -1   0   1  -2   0   0   0   3   1   0    6   6   6   6   0   6   6   6   6   6   6   6   6   0   6   6   6   6   6   6  0.08 0.12
  100 D     0   0   1   0  -3   1   0   0   2   0  -1   0   1   1   1   0   0  -3   1  -2    6   6   6   6   0   6   6   6   6   6   6   6   6   6   6   6   6   0   6   0  0.06 0.10
  101 P     0   0   1   0  -3   1   0   0   2  -2  -1   0  -2   1   1   0   0   4   1  -1    6   6   6   6   0   6   6   6   6   0   6   6   0   6   6   6   6   6   6   6  0.10 0.13
  102 S     0   1   1   1   2   1   0   0   2  -3  -3   0  -2  -3   1   0   0  -3   1  -1    7   7   7   7   7   7   7   7   7   0   0   7   0   0   7   7   7   0   7   7  0.14 0.15
  103 D     0   0   1   0  -3   1   0   0   2   0  -1   0   1  -2   1   0   0  -3   1   0    6   6   6   6   0   6   6   6   6   6   6   6   6   0   6   6   6   0   6   6  0.06 0.09
  104 P     0  -1   2   2   0   1   1  -2   1   1  -2   1  -1  -2   0   1   0  -5  -1  -2    6   2  11  10   2   7   7   3   3   8   4   7   2   2   4  13   5   0   2   2  0.14 0.16
  105 S    -2  -1  -1  -1   1   0  -2   5   0  -2  -3  -1   0  -1  -2   0  -2   2  -1  -2    4   4   4   4   3   4   3  37   3   3   3   3   3   3   3   8   3   3   3   3  0.54 0.37
  106 K    -1   0   0   0   2   0   0  -1   2   0  -1   0   2   1   0  -1   0   4   1  -1    5   5   5   5   5   5   5   5   5   5   5   5   5   5   5   5   5   5   5   5  0.10 0.09
  107 P    -1   0   0   0   2   0   0  -1   2   0  -1   0   2   1   0  -1   0   4   1  -1    5   5   5   5   5   5   5   5   5   5   5   5   5   5   5   5   5   5   5   5  0.10 0.09
  108 A     0  -1   0  -1   2  -1  -2  -2  -7   0   1  -1   4  -6  -1  -2   0  -8   2   3    7   3   4   3   3   3   3   3   0   5  11   4   9   0   3   3   6   0   7  21  0.35 0.24
  109 S     1  -3  -1   2  -3  -2   0  -1  -3  -1   0  -2  -2  -3  -2   3   2  -4  -3   0    8   0   2  11   0   1   4   4   0   2  10   1   1   0   1  31  17   0   0   7  0.32 0.24
  110 R     0   1   1   1  -3   1   1   0   2  -2  -1   0  -2  -2   1   0   0  -3   1  -1    7   7   7   7   0   7   7   7   7   0   7   7   0   0   7   7   7   0   7   7  0.10 0.11
  111 D     2  -2   0   4  -5   1   4  -2  -3  -4  -4   0  -3  -5  -2   0   0  -5  -3  -3   16   1   4  20   0   7  28   3   0   0   1   4   0   0   2   6   6   0   0   1  0.56 0.35
  112 L     1  -2  -1   0  -3   2   3  -3  -3   0   1  -1  -1  -3   0  -1   1  -1  -3   1   11   1   2   4   0  10  20   1   0   4  12   3   1   1   4   3  10   1   0  12  0.19 0.20
  113 L     0  -5  -6  -6   1  -2  -6  -6  -2   0   5  -5   4   0  -6  -5  -3   2  -4   1    7   0   0   0   3   2   0   0   1   3  60   0  10   3   0   0   1   2   0   8  1.04 0.49
  114 L    -2   4  -1  -2  -4  -1  -1  -3  -2   1   3   0  -1  -2  -4  -2   0  -4   0  -2    2  24   4   1   0   3   4   1   1   7  33   6   1   1   0   3   5   0   4   1  0.38 0.28
  115 Q     1   0   1   1  -4   3   2  -1  -1  -4  -3   2  -2  -5  -3   1   0  -5  -3  -3   13   4   5   8   0  15  16   4   1   0   1  12   1   0   1  12   7   0   0   1  0.36 0.26
  116 R     1   6   0  -5  -3  -2  -3  -5  -2   1  -1   0  -1  -1  -5  -3  -3  -5  -2   1   12  45   4   0   1   1   1   0   1  10   4   3   1   3   0   1   1   0   1  11  0.74 0.42
  117 L    -4  -3  -6  -7   0  -3  -5  -7  -6   1   4  -5   8  -1  -6  -5  -3  -5  -3  -1    1   2   0   0   2   1   1   0   0   7  38   0  41   3   0   0   1   0   1   4  1.44 0.62
  118 R    -2   4   0   0  -3   2   3  -4   0  -2  -4   4  -2  -5  -4  -2  -1  -5  -2  -3    2  21   5   4   1   8  21   0   2   3   1  23   1   0   0   2   3   0   1   2  0.60 0.35
  119 T     0   0   4   3  -3   0   2  -2   0  -4  -4   0  -3  -4  -4   1   2  -5  -4  -4    8   4  24  15   0   4  12   1   2   1   1   4   1   1   0  11  12   0   0   0  0.51 0.32
  120 H    -6  -2  -4  -6  -8  -4  -5  -7  10  -7  -7  -5  -2  -1  -3  -6  -2  -6   4  -7    0   2   0   0   0   0   0   0  78   0   0   0   1   2   2   0   3   0  12   0  3.05 1.03
  121 I    -3  -7  -7  -7   0  -6  -7  -7  -7   7  -2  -6   0  -1  -6  -2  -2  -6  -5   3    1   0   0   0   2   0   0   0   0  72   1   0   2   2   0   3   2   0   0  15  1.74 0.68
  122 T    -1   1   1   0  -3   2   1  -2   1  -3  -3   2  -2  -2  -1   0   3  -4  -2  -3    5   8   6   4   0  10   7   2   4   1   1  15   1   2   2   6  24   0   1   0  0.34 0.26
  123 T     1  -1   1   0  -4   1  -1  -1  -1  -3  -3  -1  -1  -5  -1  -1   5  -5  -4  -2   13   2   5   6   0   5   4   4   1   1   2   3   2   0   2   2  45   0   0   2  0.62 0.41
  124 V    -2  -5  -5  -5  -4  -2   0  -6  -5   2   1  -3   1  -2  -5  -4  -1  -6  -2   6    3   0   0   0   0   2   8   0   0   8  12   1   2   1   0   0   3   0   1  58  1.01 0.50
  125 L     3  -5  -4  -6   1  -3  -5  -3  -5   0   0  -5   5  -2  -5  -3  -2  -5  -4   5   23   0   1   0   3   1   0   2   0   2   6   0  15   1   0   1   1   0   0  44  0.94 0.49
  126 D     0  -1   0   0  -3  -1   1   4  -2  -4  -4   1  -4  -5  -3   1   2  -5  -5  -4    5   3   4   5   0   2  11  35   0   1   1   8   0   0   1  10  13   0   0   0  0.53 0.31
  127 H     0   2   0   0  -4   1   0  -1   7  -4  -2   0  -3  -3  -3   0   1  -4   1  -3    9  12   4   4   0   4   4   4  33   0   4   4   0   0   0   4   9   0   4   0  0.52 0.26
  128 F    -3  -4  -4  -5   2  -4  -4  -5   2   0  -1  -4  -2   3  -5  -3   0   4   7   0    0   0   0   0   6   0   0   0   6   6   6   0   0  11   0   0   6   6  48   6  1.07 0.40
  129 K    -1   1   1  -1  -4   1   0   2   0  -2  -3   3  -3  -4   2  -1   0  -4  -1  -2    4   7   6   3   0   7   3  18   2   2   0  24   0   0  11   3   5   0   2   2  0.30 0.19
  130 T     0  -1   1   0  -3   0   1   2  -2  -3  -1  -1  -2  -3   4   0   1  -3  -3  -2    7   2   7   3   0   2   9  22   0   0   6   2   0   0  21   6  13   0   0   0  0.35 0.07
  131 K    -1  -1  -1   3  -3  -1   1  -2  -1  -2  -1   1  -1   3  -2  -1  -2  -1   3  -2    6   0   0  27   0   0  13   0   0   0   6  15   0  18   0   0   0   0  15   0  0.28 0.08
  132 Y     1  -2  -2  -2   2  -2  -2   3  -2  -2  -1   0  -2   1   2  -1  -2  -2   2  -2   12   0   0   0   7   0   0  33   0   0   7   7   0  10  13   0   0   0  11   0  0.32 0.08
  133 G     0   1   1   1  -3   1   1   0  -2  -2  -1   1  -1  -3   1   0   1  -3  -3   0    8   8   8   8   0   8   8   8   0   0   8   8   0   0   8   8   8   0   0   8  0.13 0.10
  134 S     0  -2  -1   1  -2  -1   0   1  -2   0   0  -2   3  -2   2   1   1  -3  -3  -1    9   0   0  11   0   0   7  11   0   5   8   0  19   0  11  12   8   0   0   0  0.18 0.10
  135 Q     0  -2   1   1   3   1   1   1  -2  -2  -1  -1  -1  -3  -2   1   1  -3  -3  -2   10   0  10  10  10  10  10  10   0   0  10   0   0   0   0  10  10   0   0   0  0.18 0.12
  136 N    -1  -2   5   1  -3  -1  -1  -2   0   0  -2  -1  -2  -3   2   0   0  -4  -3   1    2   0  49   8   0   0   0   0   2   6   0   0   0   0  10   5   5   0   0  14  0.44 0.11
  137 P     0   0   0   0  -3   1   0   0   2   0  -1   0   1   0   1   0   0  -2   1   0    6   6   6   6   0   6   6   6   6   6   6   6   6   6   6   6   6   0   6   6  0.04 0.06
  138 I    -2  -5  -5  -5   0  -5  -5  -5  -5   6   0  -5   1   0  -4  -3  -2  -5  -2   4    1   0   0   0   2   0   0   1   0  51   6   0   3   4   1   1   1   0   1  29  1.01 0.34
  139 I     0  -1  -1  -1  -2   0   0  -2   3  -1  -2   0  -2   1   1  -2  -1   3   5  -1    9   3   2   3   1   4   5   2   7   4   2   6   1   4   7   1   3   4  28   4  0.33 0.18
  140 G     3  -2  -2  -1   1   0  -1   1  -1   0  -2  -2  -2  -3  -2   2   0  -1  -1  -1   34   1   0   2   2   5   3   8   2  10   0   0   0   0   0  25   2   1   2   3  0.26 0.14
  141 W    -4  -5  -6  -6  -1  -4  -5  -5  -4  -2  -2  -5  -1   1  -6  -5  -4  11   3   0    0   0   0   0   1   0   0   0   0   2   2   0   1   5   0   0   0  71   8  10  2.66 0.46
  142 D    -4  -4   0   7  -5  -2   0  -3  -1  -5  -5  -3  -5  -2   1  -2  -3  -6  -2  -5    0   0   2  83   0   0   2   0   2   0   0   0   0   2   8   0   0   0   2   0  1.57 0.36
  143 V    -1  -4  -5  -5   4  -4  -4  -5  -5   1  -1  -4  -1  -3  -4  -3  -2  -5  -3   6    3   0   0   0   8   0   0   0   0   3   0   0   0   0   0   0   0   0   0  85  1.19 0.33
  144 V     0  -4  -4  -4   1  -4  -4  -3  -4   2   1  -4  -1  -1  -4  -2  -1  -4  -3   5    7   0   0   0   4   0   0   1   0   6  10   0   0   1   0   1   1   0   0  68  0.71 0.24
  145 N    -1  -3   8  -1  -4  -2  -2  -3  -2  -4  -5  -2  -4  -5  -4  -1  -2  -6  -4   0    4   0  88   0   0   0   0   0   0   0   0   0   0   0   0   0   0   0   0   8  1.65 0.40
  146 E    -3  -2  -2   1  -6   0   7  -4  -2  -5  -5  -1  -4  -5  -3  -2  -3  -5  -4  -5    0   0   0   6   0   0  94   0   0   0   0   0   0   0   0   0   0   0   0   0  1.72 0.41
  147 V     4  -3  -3  -3   0  -2  -2  -2  -3   2  -1  -2   0  -3   1   0  -1  -4  -3   2   46   0   0   0   2   1   1   1   0  16   2   1   1   0   7   2   1   0   0  19  0.39 0.17
  148 L    -2  -3  -4  -4  -1  -3  -3  -4  -3   3   2  -3   2   4  -4  -3  -1   2   1   2    1   0   0   0   1   0   1   0   0  24  24   0   5  23   0   0   1   3   3  14  0.48 0.15
  149 D     1  -1   4   3  -2   0   1   0  -1  -3  -3  -1  -2  -3  -2   2  -1  -2  -3  -3   10   1  24  20   1   3  11   5   1   1   2   2   1   0   1  15   1   0   0   1  0.40 0.18
  150 D    -3  -3   0   6  -5  -1   3  -2  -3  -5  -5  -2  -5  -2   0  -2  -2  -2  -4  -4    1   1   3  59   0   1  22   2   0   0   0   1   0   2   4   1   2   1   0   1  1.18 0.36
  151 N    -2  -2   2   6  -5  -1   1  -3  -1  -5  -5  -2  -5  -5  -2   1  -2  -6  -3  -5    1   1  10  63   0   2   7   1   1   0   0   1   0   0   1  10   2   0   1   0  1.17 0.33
  152 G     0  -1   1   1   3  -1   1   1  -1  -3  -3   1  -2  -2   2   1   1  -3   1  -2    9   0   9   9   9   0   9   9   0   0   0   9   0   0   9   9   9   0   9   0  0.21 0.14
  153 N    -1   0   0   0   2   0   0  -1   2   0  -1   0   2   1   0  -1   0   4   1  -1    5   5   5   5   5   5   5   5   5   5   5   5   5   5   5   5   5   5   5   5  0.10 0.09
  154 L    -2   1   0  -1  -4  -1  -3  -2   1   0   1  -1   1   3   0  -1  -1   2   2  -1    3  10   5   3   0   3   0   3   4   6  19   3   4  12   5   4   3   3   9   3  0.17 0.18
  155 R     0   1   1   1   2   1   0   0   2  -3  -3   0  -2  -3   1   0   0  -3   1  -1    7   7   7   7   7   7   7   7   7   0   0   7   0   0   7   7   7   0   7   7  0.14 0.15
  156 N    -1   2   1   1   1   1   0  -1   1  -2  -2   1  -2  -1   0   1   1  -3   1  -3    4  11   7  10   3   6   6   3   4   3   3   7   0   3   5  10   9   0   6   0  0.14 0.17
  157 S     0   0   0   0   2   1   0   0  -2   0   0   0   1   0   1   0   0  -3  -2   0    6   6   6   6   6   6   6   6   0   6   6   6   6   6   6   6   6   0   0   6  0.04 0.08
  158 K    -1  -1   1  -1  -3   0  -1  -1   0   0   0   0   0   0   2   1   1  -3   0   0    4   3   7   3   0   3   4   3   3   5   8   6   3   5  13  12   9   0   3   6  0.11 0.13
  159 W     0  -3   1  -3  -3  -2  -2   0   2   0   0  -2   2   2   1  -2   0   5   2  -1    8   0   8   0   0   0   0   8   8   8   8   0   8   8   8   0   8   8   8   0  0.21 0.18
  160 L    -2  -1  -2  -3  -4   1  -2  -5   1  -1   2  -1   0   2  -5  -2  -1   1   6  -1    3   3   2   2   0   7   2   0   2   3  20   3   2   6   0   3   4   2  33   4  0.59 0.39
  161 Q    -1   2   2   1  -4   4   1  -2   1  -2  -2   2   0  -4  -3  -1   0  -4  -1  -2    3  11  10   7   0  23   9   2   3   2   2  13   2   0   0   3   5   0   3   3  0.35 0.27
  162 I     1   0  -1  -3  -3   0  -1  -1   0   3   0   0   0  -1  -3   0   1  -3  -1   1   14   6   3   0   0   4   2   4   2  24   6   6   2   2   0   6   8   0   2   9  0.12 0.16
  163 I     0  -4  -4  -5   2  -4  -4  -2  -4   3   3  -4   2   0  -4  -1   1   2   1   1    7   0   0   0   5   0   0   3   0  20  30   0   5   4   0   4   9   3   5   7  0.39 0.27
  164 G    -3  -5   1   0  -6   0  -5   7  -5  -7  -7   0  -6  -7  -5  -4  -5  -6  -6  -7    0   0   5   5   0   5   0  79   0   0   0   5   0   0   0   0   0   0   0   0  1.81 0.62
  165 P     0   0   1   0  -3   1   0   0  -1   0   0   0   1  -2   1   0   0  -3   1   0    6   6   6   6   0   6   6   6   0   6   6   6   6   0   6   6   6   0   6   6  0.05 0.09
  166 D    -3  -1   1   6  -6  -1   3   1  -4  -6  -5  -2  -5  -6  -4   0  -2  -6  -3  -4    1   3   5  47   0   2  17  12   0   0   1   1   0   0   0   7   2   0   1   1  0.98 0.42
  167 Y    -4  -6  -6  -7  -6  -6  -6  -5  -1  -2  -3  -6  -1   6  -7  -4  -6   4   8  -1    1   0   0   0   0   0   0   1   1   2   2   0   1  31   0   1   0   5  52   3  2.00 0.65
  168 I    -3  -3  -6  -6  -4  -6  -6  -7  -1   7   1  -6   1  -1  -3  -5  -4  -6  -2   3    1   1   0   0   0   0   0   0   2  58  10   0   3   2   2   0   0   0   1  20  1.32 0.48
  169 E     2   0  -1   2  -4  -1   4  -2  -2  -2  -3   1  -1  -2   0  -1  -1   0  -1  -2   20   4   1  12   0   1  28   2   1   2   2   9   2   2   4   2   2   2   2   2  0.36 0.24
  170 K    -1   0   0   2  -4   1   1  -3   1   0   0   3  -1  -2  -2  -1   0  -1   0  -1    6   3   4  11   0   7  10   0   4   6  12  22   1   1   1   2   5   1   3   3  0.18 0.15
  171 A     7  -5  -5  -6  -1  -5  -5  -2  -6  -2  -5  -5  -1  -6  -5  -1  -2  -7  -6  -2   86   0   0   0   1   0   0   1   0   2   0   0   2   0   0   4   2   0   0   3  1.77 0.67
  172 F    -6  -7  -7  -8  -6  -7  -7  -7  -5  -2   1  -7  -4   9  -8  -3  -6  -3   2  -5    0   0   0   0   0   0   0   0   0   2  10   0   0  80   0   2   0   0   5   0  2.47 0.74
  173 E    -1   5  -1  -2  -5   2   2  -3   0  -1  -2   2  -2  -3  -4  -2   0  -1  -3  -2    4  31   2   1   0  11  15   2   2   5   4  11   1   1   0   1   7   1   1   2  0.51 0.28
  174 Y     1  -3  -3  -4  -2  -3  -3  -5  -2   0  -1  -2   1   3  -5  -1   1   6   5  -2   13   1   1   1   1   1   1   0   1   5   6   2   4  13   0   4  10  13  24   2  0.73 0.34
  175 A     7  -6  -6  -6  -5  -5  -5  -4  -6  -5  -5  -5   1  -6  -5  -3  -1  -7  -6  -1   89   0   0   0   0   0   0   0   0   0   0   0   3   0   0   0   4   0   0   4  1.96 0.72
  176 H    -1   5   0   0  -6   0  -1  -5   8  -6  -6   0  -5  -3  -5  -2  -4  -6  -1  -6    4  34   3   6   0   4   3   0  36   0   0   5   0   1   0   2   0   0   1   0  1.39 0.52
  177 E     2   0  -2   0  -5   2   5  -3  -3  -5  -4   3  -2  -5  -4  -2  -2  -5  -4  -3   19   4   1   4   0  10  39   1   0   0   1  16   1   0   0   2   1   0   0   1  0.73 0.38
  178 A     0   0  -1   0  -3   1   0   0   2   0   0  -1   1   1  -3   0   0  -2   1   0    7   7   0   7   0   7   7   7   7   7   7   0   7   7   0   7   7   0   7   7  0.06 0.12
  179 D    -1  -1   2   4  -4   0   0   1   1   0  -1  -1   0  -1  -1  -1   0  -4  -3  -1    5   3  10  27   0   3   3  10   4   7   4   3   3   3   3   4   4   0   0   3  0.24 0.23
  180 P     0   0   1   0  -3   1   0   0   2   0  -1   0  -2  -3   1   0   0   4  -2   0    6   6   6   6   0   6   6   6   6   6   6   6   0   0   6   6   6   6   0   6  0.10 0.12
  181 S     0  -1   2   3  -4   2   1   0   0  -4  -4   1  -2  -4   0   1   0  -4  -1  -3    5   1  12  19   0  11   6   8   3   0   0   8   1   0   3  14   5   0   2   1  0.32 0.15
  182 M     5  -3  -3  -3   2  -2  -3  -1  -3   0  -2  -2   3  -3  -2   0   0  -4  -3   1   62   0   0   0   4   1   0   2   0   3   1   0  10   0   1   4   3   0   0   9  0.60 0.24
  183 K    -1   1  -1  -1  -3   1   1  -2   0   0   0   4  -1  -3  -2  -1   1  -4  -3  -1    1   5   1   2   0   7   7   1   2   5  10  41   1   0   1   1  12   0   0   3  0.31 0.15
  184 L    -3  -4  -4  -5  -3  -3  -4  -5  -4   0   5  -2   0   0  -4   0  -3  -3  -1  -1    0   0   0   0   0   0   0   0   0   2  82   2   0   2   0   9   0   0   2   0  0.93 0.29
  185 F    -2  -3  -4  -5   2  -4  -4  -5   0  -1  -1  -4   0   6  -5  -3  -2   1   6   0    2   1   0   0   6   0   0   0   1   3   1   0   2  41   0   0   1   1  34   6  1.06 0.28
  186 I    -3  -4  -4  -5  -4  -4  -4  -5  -2   4   0  -4   0   1  -5  -4  -3  -1   7   0    0   0   0   0   0   0   0   0   0  38   8   0   2   2   0   0   0   0  47   3  1.11 0.31
  187 N    -3  -3   8  -1  -5  -2  -2  -1  -2  -5  -5  -2  -4  -5  -4   0   1  -6  -4  -5    0   0  82   0   0   0   0   3   0   0   0   0   0   0   0   4  10   0   0   0  1.61 0.40
  188 D    -4  -3  -1   7  -6  -2   2  -4  -3  -5  -5  -3  -5  -4  -4  -2  -3  -5   2  -5    0   0   0  80   0   0  11   0   0   0   0   0   0   0   0   0   0   0   9   0  1.61 0.38
  189 Y    -4  -4  -2  -2  -5  -3  -4  -5   4  -4  -3  -4  -3   3  -5  -1  -3   2   8  -4    0   0   2   2   0   0   0   0  10   0   0   0   0   8   0   5   0   2  71   0  1.66 0.39
  190 N    -2  -1   6   0  -4  -2  -2   2  -1  -4  -4  -2   0  -2  -4   1  -2  -1  -1  -4    1   2  58   2   0   0   1  13   1   0   1   1   4   2   0  12   0   1   2   0  0.89 0.30
  191 I     0  -3  -1  -1   1  -1   0  -2   0   0   0  -2   3   0  -1  -1   2  -3   0   1    9   0   3   3   3   3   6   3   3   6  10   0  12   3   3   3  14   0   3  10  0.10 0.20
  192 E     0  -2   0   0   2   1   0   0   2   0  -1   0  -2   1  -3   0   0   4   1   0    6   0   6   6   6   6   6   6   6   6   6   6   0   6   0   6   6   6   6   6  0.09 0.13
  193 N    -1  -1   2   0   3   1   1   0  -2  -2  -2   0  -2   0  -3   0   1   2   3  -3    4   3  14   4   7   7  12   6   0   3   2   3   0   3   0   6  11   2  12   0  0.21 0.17
  194 N    -1   0   0   0  -3   0   0  -1   2   0  -1   0   1   0   0   0   0   3   1   0    5   5   5   5   0   5   5   5   5   5   5   5   5   5   5   5   5   5   5   5  0.06 0.09
  195 G     0   0   0   0  -3   1   0   0   2   0  -1   0   1  -2   0   0   0   3   1   0    6   6   6   6   0   6   6   6   6   6   6   6   6   0   6   6   6   6   6   6  0.08 0.12
  196 V    -1  -1   3  -1   1  -1  -1   3   1  -2  -2  -1   0  -1  -4   2  -1   2   0  -2    4   3  15   3   3   3   4  21   3   3   3   3   3   3   0  14   3   3   3   3  0.28 0.18
  197 K     1   2  -1  -1  -2   2   0  -1  -1  -3  -3   2  -2  -3   3   1   0  -3  -2  -2   17  17   0   0   0  17   0   0   0   0   0  17   0   0  17  17   0   0   0   0  0.39 0.07
  198 T     0   5  -2  -3  -1   0  -3  -4   0  -3  -1  -1  -2  -3  -4   2   2  -1  -4   0    6  38   1   1   1   4   0   1   2   1   5   2   1   1   0  19  12   1   0   6  0.64 0.41
  199 Q     0  -1   2   4  -5   3   2  -2  -1  -4  -4   0  -2  -5  -4  -1   1  -5  -2  -3    9   3   9  27   0  13  12   3   1   1   1   6   1   0   0   2  10   0   1   1  0.51 0.34
  200 A     4   1  -2  -1  -1  -2  -2   2  -2  -3  -3   1  -2   1  -3  -1   0  -2  -1  -3   35   9   1   3   1   1   1  18   1   1   1   9   1   6   1   2   7   1   2   1  0.40 0.32
  201 M    -1  -3  -5  -5  -1  -3  -4  -5  -5   5   2  -5   4   0  -4  -3  -1  -4   1   3    5   1   0   0   1   1   1   0   0  31  16   0  12   3   1   2   3   0   6  18  0.69 0.39
  202 Y    -2  -4  -3  -6  -1  -3  -5  -6   1   2   0  -5   1   1  -6  -3  -3   0   7   2    3   1   1   0   1   1   0   0   2  10  10   0   3   5   0   1   1   1  42  17  1.06 0.54
  203 D     1   2   4   2  -5   1   1  -2   0  -5  -4   2  -2  -5  -4   0   0  -5  -2  -3   11  13  21   9   0   5  10   1   2   0   1  13   1   0   0   6   5   0   1   1  0.44 0.31
  204 L    -4  -4  -4  -6  -3  -3  -5  -7   0   1   5  -3   6  -1  -6  -4  -3  -1   0   0    1   1   1   0   1   1   1   0   2   6  53   1  23   2   0   1   1   1   3   5  1.16 0.57
  205 V     0  -6  -6  -6  -1  -5  -6  -6  -6   3   1  -6  -1  -1  -6  -4  -2  -6  -4   6    8   0   0   0   1   0   0   0   0  13  14   0   1   2   0   1   1   0   0  58  1.19 0.58
  206 K    -2   3   0  -1  -6   2   1  -3   0  -5  -4   6  -2  -6  -4   0  -1  -6  -5  -3    3  13   3   3   0   8   8   2   2   0   1  47   1   0   0   5   3   0   0   2  0.85 0.48
  207 K    -1   3   1   3  -5   1   2   0  -1  -5  -4   2  -1  -4  -1   1   0  -2  -3  -4    3  15   5  17   0   5  13   6   1   0   1  13   2   1   2  13   4   1   1   0  0.38 0.27
  208 L    -3  -6  -7  -7  -5  -3  -6  -7  -6   1   5  -4   3   1  -6  -6  -5   5  -2  -1    2   0   0   0   0   1   0   0   0   6  66   1   7   6   0   0   0   7   1   2  1.31 0.61
  209 K    -2   2   0  -3  -5   2  -2  -4  -2   1   2   4  -1  -3  -4  -3  -2  -5  -3  -1    2  10   5   1   0  10   1   1   1   8  20  33   1   1   0   1   2   0   1   5  0.51 0.37
  210 N     3   0   0   3  -4   0   3  -2  -2  -4  -4   0  -3  -4  -2   1  -2  -5  -4  -4   29   4   4  15   0   4  19   1   1   1   1   6   1   1   1  12   2   0   0   0  0.50 0.36
  211 E     1   4   0   1  -3   3   1  -3  -1  -4  -4   3  -1  -5  -4  -1  -3  -5  -2  -3   14  22   4   6   1  13  10   1   1   0   1  21   1   0   0   2   1   0   1   1  0.57 0.38
  212 G    -1   1   0   0  -5   0  -1   5   1  -5  -5   0  -4   0  -4  -1  -1  -4   1  -5    4   7   5   4   0   4   4  44   4   0   0   6   0   4   0   4   4   0   5   0  0.64 0.37
  213 V     1  -1  -1  -1   1  -1  -1  -2   0   1   0   0   1  -2  -1  -2   0  -4   0   3   12   3   3   3   3   3   3   3   3   8  10   5   3   0   3   0   5   0   3  28  0.15 0.18
  214 P    -1   1  -2  -3  -4  -1  -2  -2   0  -4   0   0  -3  -3   7   0  -2  -5  -1  -4    3   8   1   0   0   2   1   3   2   0  10   4   0   1  55   7   1   0   2   0  1.13 0.36
  215 I    -2  -3  -4  -4  -2  -3  -3  -4  -4   4   2   0   0   1  -4  -3  -2  -3  -2   3    0   0   0   0   0   0   0   0   0  45  15   9   0   5   0   0   0   0   0  27  0.54 0.19
  216 N    -2  -2   1   5  -4   1   1  -1   4  -4  -4  -1  -1  -4  -3  -1  -1  -5  -3  -3    2   0   3  53   0   5   6   5  14   0   0   2   2   0   0   3   3   0   0   2  0.72 0.21
  217 G     1   1  -2  -3   2  -1  -3   5  -3  -4  -4  -2  -3  -4  -3  -1  -1  -4  -4  -2   12   9   0   0   6   4   0  62   0   0   0   0   0   0   0   0   4   0   0   4  0.80 0.22
  218 I    -1  -4  -4  -4   1  -3  -4  -4  -4   4   1  -3   1   1  -4  -3  -2  -3   0   4    3   0   0   0   3   0   0   0   0  40   6   0   4   5   0   0   0   0   3  35  0.55 0.18
  219 G    -1  -4   0  -3  -4  -3  -4   7  -4  -6  -5  -3  -5  -5  -4   0  -3  -5  -5  -5    3   0   3   0   0   0   0  89   0   0   0   0   0   0   0   4   0   0   0   0  1.66 0.33
  220 M    -1  -3  -3  -3  -3  -1  -2  -3   3   1   2  -3   4   3  -3  -1   0   0   0   0    3   0   0   1   0   2   2   0  10   7  23   0  16  20   1   5   6   1   1   3  0.29 0.13
  221 Q    -3  -1  -2  -2  -5   8   1  -4  -2  -5  -5  -1  -3  -6  -4  -2  -3  -4  -4  -5    0   0   0   0   0  93   7   0   0   0   0   0   0   0   0   0   0   0   0   0  1.98 0.46
  222 M     1  -2  -1   0   1  -1  -1   3  -2  -2  -1  -2   3   0  -3   2   0  -3  -2  -2   15   0   1   4   4   3   2  25   0   0   3   0  13   5   0  17   7   0   1   1  0.25 0.12
  223 H    -4   0  -2  -4  -6  -2  -3  -5  10  -6  -5  -3  -4  -4  -5  -3  -4  -5  -1  -6    0   6   0   0   0   0   0   0  94   0   0   0   0   0   0   0   0   0   0   0  2.72 0.50
  224 I    -1   0   0   0   2   0   0  -1   2   0  -1   0   1   1  -3   0   0   3   1   0    5   5   5   5   5   5   5   5   5   5   5   5   5   5   0   5   5   5   5   5  0.07 0.11
  225 S    -1   1   2   1   1  -1  -2   1   1   0  -1  -2   0   1  -1   0   0   2   0  -1    5   7  11   7   3   3   3  10   3   6   5   3   3   7   3   9   5   3   3   4  0.10 0.10
  226 I    -1  -1  -1  -2  -6  -1  -1  -1   1   2   2  -2   4  -1  -1  -1   0   2   0   1    6   3   3   3   0   3   5   4   3  10  16   3  10   3   3   4   6   3   3   9  0.19 0.15
  227 N    -1   0   0   0  -3   0   0  -1   2   0  -1   0   1   0   0   0   0   3   1   0    5   5   5   5   0   5   5   5   5   5   5   5   5   5   5   5   5   5   5   5  0.06 0.09
  228 S     0   0   0   0   2   1   0   0   2   0  -1   0  -1   0   1   0   0  -3  -2   0    6   6   6   6   6   6   6   6   6   6   6   6   0   6   6   6   6   0   0   6  0.04 0.08
  229 N     0   0   0   0   2   0   0  -1   1   0  -1   0   1   0   0   0   0  -3   1   0    5   5   5   5   5   5   5   5   5   5   5   5   5   5   5   5   5   0   5   5  0.03 0.06
  230 I    -1   0   0   0  -3   0   0  -1   2   0  -1   0   1   0   0   0   0   3   1   0    5   5   5   5   0   5   5   5   5   5   5   5   5   5   5   5   5   5   5   5  0.06 0.09
  231 D     0   0   0   0  -3   1   0   0   2   0  -1   0   1   0   1   0   0  -2   1   0    6   6   6   6   0   6   6   6   6   6   6   6   6   6   6   6   6   0   6   6  0.04 0.06
  232 N     0  -1   1   3  -4   0   2  -1   1  -2  -2   0   0  -3  -1   0   0   2   0  -2    7   3   6  19   0   4  13   5   3   3   3   7   3   0   3   7   5   3   3   3  0.20 0.18
  233 I     0  -2  -2  -2  -3   1   0  -3  -2   0   0   0   2   1   1   0   0   4   2   0    7   0   0   0   0   7   7   0   0   7   7   7   7   7   7   7   7   7   7   7  0.15 0.16
  234 K    -1   3  -1   0   0   2   2  -2   1  -1  -2   1   0  -1  -1  -1  -1  -4   0  -1    6  18   3   5   3   8  16   3   3   3   4   6   3   3   3   3   4   0   3   3  0.21 0.23
  235 A     0   0   0   0   2   0   0  -1   1   0  -1   0   1   0   0   0   0  -3   1   0    5   5   5   5   5   5   5   5   5   5   5   5   5   5   5   5   5   0   5   5  0.03 0.06
  236 S     3  -4   4  -2  -1  -2  -3  -2  -2  -3  -3  -2   0  -1  -4   3   2  -1  -2  -1   29   0  19   1   1   1   1   1   1   1   1   1   3   3   0  20  13   1   1   3  0.54 0.40
  237 I    -2  -5  -6  -3  -4  -5  -6  -6  -6   5   3  -5   3   1  -6  -5  -2   1  -4   1    3   0   0   2   0   0   0   0   0  42  29   0   7   6   0   0   2   2   0   7  1.00 0.49
  238 E    -1   2   1   0  -4   3   3  -3  -1  -2  -1   2   0  -3  -2  -1   0  -1  -3  -1    5  11   6   5   0  14  18   1   1   2   5  13   2   1   1   4   5   1   0   4  0.29 0.23
  239 K     2   4  -1   1  -4   1   0  -2  -1  -3  -2   3   0  -5  -4  -1   0  -5  -2  -2   22  26   2   7   0   5   4   2   1   1   4  16   2   0   0   2   5   0   1   1  0.45 0.33
  240 L    -2  -6  -6  -7   0  -6  -6  -4  -1  -1   1  -6   0   7  -6  -3  -3   0   5  -1    3   0   0   0   2   0   0   1   1   3  11   0   2  47   0   1   1   1  21   5  1.35 0.60
  241 A     5  -1  -2  -1  -1  -2   0   0   0  -2  -3  -1  -3  -5  -4   1   0  -5  -2  -1   48   3   2   3   1   1   7   5   2   2   1   4   0   0   0  11   5   0   1   4  0.52 0.38
  242 S     3   0   0   3  -4   0   1  -1  -1  -4  -4   0  -4  -5  -1   2   0  -5  -4  -3   25   4   4  19   0   3  11   4   1   0   1   5   0   0   2  15   4   0   0   1  0.42 0.31
  243 L     0   1   1  -2   2   1   0  -3   2   0   0   0   2   1  -3   0   0  -3  -1   0    7   7   7   0   7   7   7   0   7   7   7   7   7   7   0   7   7   0   0   7  0.09 0.14
  244 G     0   1   1   1  -3   0   1   1  -1  -2  -3   1  -2  -3   2   1  -1  -4  -3   0   10  10  10  10   0   0  10  10   0   0   0  10   0   0  10  10   0   0   0  10  0.20 0.10
  245 V    -2  -4  -4  -4  -2  -3  -5  -6  -5   1   4  -3   1   0  -4  -4  -3  -4  -2   4    3   1   1   1   1   1   0   0   0   5  48   1   3   2   1   0   1   0   1  31  0.84 0.32
  246 E    -2   1  -1   3  -5   2   3  -3   0  -3  -2   3  -2  -3  -2  -2  -1  -2  -3  -2    2   4   2  16   0   9  24   1   1   1   3  27   1   1   1   1   2   1   1   3  0.50 0.23
  247 I    -2  -4  -1  -4   0   0  -3  -4  -2   3   0  -4   0  -2  -4  -3   0   0  -2   5    1   0   3   0   2   6   1   1   1  19   7   0   1   1   0   1   5   1   1  50  0.66 0.28
  248 Q     3  -1   0  -2  -2   3  -1  -2   6   0  -2  -1   3  -2  -3  -1  -2  -4  -1  -2   26   2   4   2   1  15   2   1  21   5   1   2   9   1   0   4   1   0   2   1  0.48 0.25
  249 V    -3  -5  -5  -5   0  -5  -3  -6  -5   5   0  -5   0   3  -5  -4  -3  -4   0   4    0   0   0   0   2   0   2   0   0  46   7   0   2  13   0   0   0   0   3  27  0.97 0.33
  250 T    -1  -4  -3  -4  -4  -4  -4  -5  -5  -4  -5  -4  -4  -6  -4   1   7  -6  -5  -3    4   0   0   0   0   0   0   0   0   0   0   0   0   0   0   8  89   0   0   0  1.97 0.60
  251 E    -2  -3  -4  -2  -7   1   7  -5  -3  -7  -6  -2  -5  -7  -4  -3  -4  -6  -5  -6    4   0   0   0   0   4  92   0   0   0   0   0   0   0   0   0   0   0   0   0  2.14 0.62
  252 L    -2  -4  -5  -6  -3  -4  -5  -5  -5   1   5  -4   5   0  -5  -4  -2   1  -3   1    3   0   0   0   0   0   0   0   0   7  58   0  14   3   0   0   1   2   0  10  0.94 0.32
  253 D    -5  -5  -2   8  -7  -3   1  -5  -4  -7  -7  -4  -6  -7  -5  -1  -4  -8  -6  -6    0   0   0  90   0   0   7   0   0   0   0   0   0   0   0   4   0   0   0   0  2.31 0.60
  254 M    -2  -3  -3  -3  -1  -4  -5  -6  -2   5   0  -4   3  -2  -5  -4  -2  -5  -3   5    1   1   1   2   1   0   0   0   1  37   5   0   7   1   0   0   1   0   0  43  0.96 0.34
  255 N     0   4   0   0  -4   0  -2  -1  -2  -4  -4  -1  -2  -5  -2   4   1  -5  -4  -3    6  29   3   6   0   2   1   3   1   1   1   2   1   0   1  34   8   0   0   1  0.63 0.30
  256 M    -1   0   0   0   2   0   0  -1   2   0  -1   0   2   1   0  -1   0   4   1  -1    5   5   5   5   5   5   5   5   5   5   5   5   5   5   5   5   5   5   5   5  0.10 0.09
  257 N    -1   0   0   0   2   0   0  -1   2   0  -1   0   2   1   0  -1   0   4   1  -1    5   5   5   5   5   5   5   5   5   5   5   5   5   5   5   5   5   5   5   5  0.10 0.09
  258 G     0   0   0   0  -3   1   0   0   2   0  -1   0   1   0   1   0   0  -2   1   0    6   6   6   6   0   6   6   6   6   6   6   6   6   6   6   6   6   0   6   6  0.04 0.06
  259 D     1  -2   1   1  -5  -1   1   1  -1  -3  -3  -1  -2  -5   5   0   0  -6  -2  -2   11   2   6   7   0   3   8  13   1   1   3   2   1   0  26   5   6   0   2   3  0.44 0.34
  260 V     1  -2   0  -1  -3  -1   0  -2  -1   0   1  -1   0   0   2   0   0   0   0   1   16   2   5   3   0   3   5   2   1   5  15   2   2   4   9   7   5   1   3  10  0.09 0.13
  261 S    -2  -2   0   1  -5  -1  -2  -2  -1  -2  -3  -2  -1  -2   4   2   4  -6   0  -2    3   2   4   8   0   3   3   3   1   3   2   2   1   1  21  15  22   0   3   2  0.51 0.43
  262 N     1   0   0   2   0   1   3  -1   0  -2  -3   0  -4  -5   2   0  -1   1  -1  -2   11   4   5  11   2   7  19   4   2   2   3   4   0   0  10   6   4   2   2   3  0.26 0.26
  263 D     1  -1   0   1  -4   0   2   0   0  -2  -2   0   0  -1  -1   0   0   2   1  -1   10   3   5   9   0   4  17   6   3   3   3   5   3   3   3   7   5   3   5   3  0.13 0.16
  264 A    -1   0   0   0  -3   0   0  -1   2   0  -1   0   1   0   0   0   0   3   1   0    5   5   5   5   0   5   5   5   5   5   5   5   5   5   5   5   5   5   5   5  0.06 0.09
  265 L     0  -1  -1  -1  -3   1   0   0   0   0   1  -1   2   0  -1   0  -1   2   0  -1    9   3   3   3   0   7   5   8   3   5  19   3   6   5   3   5   3   3   3   3  0.04 0.12
  266 L     1   0   0   1   0   3   1  -2   1  -1  -2   0   0  -1  -3   0   0   2   0  -1   11   5   4   7   3  13  11   3   3   5   4   5   3   3   0   5   6   3   3   4  0.13 0.18
  267 K     1   0   0   0  -3   1   1   0   0  -1  -1   0   1  -1   1   0   0   2  -2  -1   11   5   4   4   0   9  12   6   3   4   4   6   4   3   8   8   4   3   0   3  0.11 0.13
  268 Q     0  -2   1  -2  -3   1   0   0   2   0   0  -2   2   1   1   0   0   4  -1   0    7   0   7   0   0   7   7   7   7   7   7   0   7   7   7   7   7   7   0   7  0.11 0.16
  269 A     5  -2   1  -1  -4  -1  -1   2  -3  -3  -4  -1  -1  -5  -3  -1  -1  -6  -5  -2   54   2   6   3   0   3   4  13   1   1   1   3   1   0   1   3   4   0   0   2  0.76 0.46
  270 R     1   0   1   2  -4   2   2  -3   0  -3  -3   1  -2  -3  -4   0   1   0   1  -2   11   4   8  11   0  10  17   1   2   1   2   9   1   1   0   5  10   1   5   2  0.29 0.24
  271 L    -1   4   0   2  -5   1  -1  -2   0  -1  -1   1   0  -1  -4  -2  -1   1   2  -1    5  27   3  14   0   6   2   2   2   4   5   7   3   3   0   2   3   2   9   4  0.35 0.27
  272 Y    -4  -7  -7  -4  -1  -7  -7  -8  -4  -6  -4  -7   0   3  -8  -7  -4   2   9  -3    1   0   0   1   1   0   0   0   0   0   1   0   3   9   0   0   1   2  79   2  2.79 1.06
  273 K     2   2  -1  -1  -2   1   1   0  -1  -3  -1   2  -1  -3  -3   0  -1  -2  -1  -1   20  13   2   3   1   7   8   6   1   1   6  16   1   1   0   5   3   1   2   3  0.22 0.20
  274 Q     0   1   2   3  -5   2   2  -2  -1  -3  -3   1   1  -3  -4   0   0  -5  -2  -3    9   6  11  18   0  12  13   2   1   1   2   8   4   1   0   5   6   0   1   2  0.35 0.26
  275 L     0  -5  -6  -6  -1  -5  -5  -6  -2   3   3  -5   2   2  -5  -3  -1  -1  -1   3    7   0   0   0   1   0   0   0   1  15  31   0   5   9   0   1   3   1   2  24  0.70 0.37
  276 F    -2  -6  -4  -7  -2  -4  -6  -6  -5   0   1  -6   3   7  -6  -4   0   1  -2   3    4   0   1   0   1   1   0   0   0   4  10   0   6  46   0   1   7   2   0  18  1.18 0.56
  277 D    -1   2   3   2  -3   2   2  -2  -1  -5  -4   3  -2  -5  -3   0   0  -5  -3  -4    6  11  13  13   1   9  13   2   1   0   1  18   1   0   1   5   4   0   1   1  0.47 0.31
  278 L     3  -4  -2  -1  -2  -2  -2  -2  -4   2   2  -2   2  -2  -4  -1  -1  -2  -4   1   28   0   2   4   1   1   2   3   0  14  21   3   4   1   0   3   4   1   0  10  0.35 0.27
  279 F    -2  -7  -7  -7   9  -7  -7  -7  -6   0   0  -7   0   5  -7  -4  -4   0   3  -2    3   0   0   0  39   0   0   0   0   4  10   0   2  27   0   1   1   1   9   2  1.75 0.70
  280 K    -2   3  -2  -4  -3  -1  -1  -4   0  -1   4   2   2  -3  -5  -3  -2  -2  -2   0    4  16   2   0   0   2   3   1   3   3  40  13   4   1   0   1   1   1   1   5  0.52 0.36
  281 A     0   0   1   0  -3   1   0   0   2  -2  -1   0   1   1   1   0   0  -3   1  -1    6   6   6   6   0   6   6   6   6   0   6   6   6   6   6   6   6   0   6   6  0.06 0.10
  282 E    -5  -2   0  -3  -6  -1  -2  -2   8  -2  -1  -2   0   0  -6  -5  -5  -4   6  -3    0   2   4   1   0   3   3   3  36   2   7   3   2   3   0   0   0   0  29   1  1.35 0.60
  283 K     0   0   0   0  -3   1   0   0   2   0  -1   0   1   0   1   0   0  -2   1   0    6   6   6   6   0   6   6   6   6   6   6   6   6   6   6   6   6   0   6   6  0.04 0.06
  284 Q     0   1   1   1  -3   1   1   0   2  -4  -3   1  -3  -2   1   0   0   4   1  -3    7   7   7   7   0   7   7   7   7   0   0   7   0   0   7   7   7   7   7   0  0.24 0.18
  285 Y    -1   2   2   0  -2   1   0   0   2  -1  -2   1  -2  -2  -3   0  -1  -2   1   1    5  12  15   3   1   7   3   6   6   3   3  11   1   1   1   5   2   1   5  11  0.16 0.14
  286 I    -2  -3  -5  -6   8  -2  -5  -4  -5   4   1  -4   0  -1  -5  -3  -2  -5  -4   2    1   2   0   0  32   2   0   1   0  30  11   1   2   3   0   1   1   0   0  13  1.05 0.41
  287 T    -1  -1   0   2  -3  -1   0  -1  -1  -1  -2   0  -2   0  -1   1   3  -1  -1   1    2   3   4  13   0   1   6   4   1   4   2   4   0   4   2  12  22   1   2  13  0.16 0.16
  288 A     1   2   0  -1  -1  -2  -1   3  -2  -3  -3  -1   0  -3  -3   2   0  -4  -4  -3   15  14   4   4   1   0   2  26   1   1   2   1   2   1   0  20   4   0   0   1  0.39 0.24
  289 V    -2  -5  -5  -6  -4  -5  -5  -6  -5   3   1  -5   0   3  -5  -4  -2  -4   0   5    2   0   0   0   0   0   0   0   0  17   8   0   2  12   0   0   2   0   3  54  1.02 0.42
  290 V    -2  -4  -2  -4  -1  -2  -3  -5  -5   0  -1  -4   1  -5  -4   0   6  -1  -4   1    1   0   1   0   1   2   1   0   0   4   6   0   3   0   0   4  67   1   0   9  1.18 0.53
  291 F    -2  -4  -4  -5  -1  -2  -3  -5  -4   1   1  -4   2   5  -3  -3   2   0  -1   3    2   0   0   0   1   2   1   0   0   6  11   0   7  27   1   1  13   1   0  27  0.61 0.31
  292 W    -7  -2  -8  -9   1  -6  -7  -7  -7  -7  -6  -7  -6   0  -8  -7  -7  13  -2  -7    0   3   0   0   3   0   0   0   0   0   0   0   0   3   0   0   0  91   0   0  4.48 1.12
  293 G    -2  -5   1   0  -6  -2  -2   7  -5  -7  -7  -4  -6  -6  -5  -2  -4  -6  -6  -6    2   0   6   5   0   2   2  81   0   0   0   0   0   0   0   2   0   0   0   0  1.79 0.59
  294 V    -1  -4  -3  -4  -3  -3  -3  -4  -2   2   2  -3   0   3  -2  -3  -1   0   1   4    3   0   1   0   0   1   2   1   1  14  16   1   1  15   2   1   3   1   4  33  0.45 0.25
  295 S     1   0   1   1  -1  -2  -2  -1   3  -3  -4  -2  -2  -2  -3   3   4  -5  -1  -3    9   4   7   7   1   1   1   4   7   1   1   1   1   1   1  20  30   0   2   1  0.46 0.30
  296 D    -6  -6   0   8  -8  -1  -3  -6  -5  -8  -8  -5  -7  -8  -6  -4  -5  -9  -7  -8    0   0   3  95   0   2   0   0   0   0   0   0   0   0   0   0   0   0   0   0  2.78 0.81
  297 D     1   2   1   3  -3  -1   0   2  -1  -3  -3   2  -2  -4  -2   1  -1  -5  -4  -3   12  11   8  16   0   2   4  16   1   1   2  15   1   0   1  10   2   0   0   1  0.33 0.19
  298 V    -2   0   1   3  -4   0   0  -1   4  -3  -2  -1   0  -1  -4  -1  -1  -2   4  -2    2   6   8  19   0   4   4   4  11   1   3   3   3   1   0   4   4   0  19   3  0.40 0.23
  299 S    -1  -5   0  -4  -5  -4  -4  -3  -5  -2  -6  -4  -5  -6  -5   6   3  -6  -5  -5    3   0   3   0   0   0   0   1   0   3   0   0   0   0   0  71  19   0   0   0  1.54 0.62
  300 W    -3  -8  -9  -9  -7  -7  -8  -7  -1  -8  -7  -8  -6  -2  -9  -8  -7  13   1  -8    3   0   0   0   0   0   0   0   2   0   0   0   0   1   0   0   0  90   5   0  4.54 1.11
  301 L    -4   0  -5  -5  -4  -2  -4  -6  -5   3   4   1   0  -3  -5  -4  -2  -5  -4   2    0   5   0   0   0   1   0   0   0  17  49  10   1   0   0   0   1   0   0  16  0.81 0.33
  302 S    -1   1   0  -1  -4  -1  -1  -1   1   2  -1  -1   1   1  -1  -1  -1  -4   0   3    3  10   4   3   0   3   3   5   3  10   5   3   5   6   3   3   3   0   4  25  0.17 0.21
  303 K    -1   0   0   0   2   0   0  -1   2   0  -1   0   2   1   0  -1   0   4   1  -1    5   5   5   5   5   5   5   5   5   5   5   5   5   5   5   5   5   5   5   5  0.10 0.09
  304 P     0   0   0   0  -3   1   0   0   2   0  -1   0  -1   0   1   0   0  -2   1   0    6   6   6   6   0   6   6   6   6   6   6   6   0   6   6   6   6   0   6   6  0.05 0.07
  305 N    -1   0   0   0   2   0   0  -1   2   0  -1   0   2   1   0  -1   0   4   1  -1    5   5   5   5   5   5   5   5   5   5   5   5   5   5   5   5   5   5   5   5  0.10 0.09
  306 A     0   0   2   3   1   1   1  -1   3  -4  -2  -1   0  -1  -1   0  -1  -4   1  -2   10   4  12  18   3   6   8   3   7   0   3   3   3   3   3   4   4   0   4   3  0.22 0.15
  307 P     1  -2  -1  -2  -2  -1  -1   2  -2  -1  -2  -1  -1  -3   3   1   2  -3  -2   1   17   0   0   0   0   0   0  17   0   0   0   0   0   0  17  17  17   0   0  17  0.30 0.06
  308 L    -2  -3   0  -2   2  -2  -3  -2  -1   0   4  -3   1   1  -4  -2   1  -3  -1  -1    2   0   5   2   5   2   0   2   2   2  56   0   2   5   0   2  11   0   2   2  0.42 0.23
  309 L    -2  -3  -4  -4  -3  -1  -3  -4  -4   2   4  -3   2   0   3  -3  -1   1  -2   1    3   0   0   0   0   3   0   0   0  13  46   0   5   3  15   0   3   3   0   7  0.53 0.23
  310 F    -2  -3  -3  -3  -2  -2  -3  -4   3   1   1  -3   2   2  -3  -2   1   5   3   1    0   0   0   0   0   0   0   0  11  11  11   0  11  11   0   0  11  11  11  11  0.36 0.15
  311 D    -2  -3   1   6  -5   0   0   0   1  -2  -3  -1  -4  -1  -1  -1  -1   2   0  -4    3   0   5  46   0   3   3   6   3   3   3   3   0   3   3   4   4   3   3   0  0.64 0.33
  312 S     0   0   0   0   2   1   0   0   1   0  -1   0   1   0   1   0   0  -3  -2   0    6   6   6   6   6   6   6   6   6   6   6   6   6   6   6   6   6   0   0   6  0.04 0.08
  313 K    -1   0   5   2   1   1   0  -1   2  -2  -3   0   0  -1  -5   0  -1   2   0  -2    4   4  27   9   3   6   7   5   4   3   3   5   3   3   0   5   3   3   3   3  0.36 0.31
  314 L    -2  -1   0  -1   1   0  -1   0   2  -3   1  -1   1   2  -4  -1  -3   2   5  -1    3   3   6   3   3   4   3   9   6   0  15   3   4   7   0   3   0   3  22   3  0.30 0.28
  315 Q    -1   1   2   0  -4   4   1  -1   1  -1  -2   1   0  -4  -4   0  -1  -4   0  -1    4   7  12   4   0  23   8   3   3   3   4  10   3   0   0   4   4   0   3   3  0.32 0.29
  316 A     2   1  -4  -2  -5  -1  -1  -2  -1  -2  -3   1  -1  -2   6  -2  -2  -5  -2  -1   19   9   0   1   0   2   3   2   2   2   2   8   2   1  38   2   2   0   1   4  0.78 0.41
  317 K    -2   0   0  -5  -7  -3  -3  -5  -5  -6  -6   7   1  -7  -5  -1  -1  -7  -6  -6    4   4   4   0   0   0   0   0   0   0   0  78   4   0   0   4   4   0   0   0  1.82 0.79
  318 P     0  -2  -2  -2  -6  -1  -1  -3  -5  -6  -4   1  -2  -3   7  -1  -2   1  -1  -4    7   2   1   2   0   3   5   2   0   0   2   8   1   1  57   4   2   2   2   1  1.33 0.62
  319 A     6  -5  -3  -3   1  -2  -3  -1  -5  -2  -3  -4  -1   0  -4   0  -2  -6  -2   0   68   0   1   1   3   1   1   3   0   2   1   0   1   4   0   5   1   0   1   6  1.08 0.60
  320 Y    -4  -3  -6  -7  -6  -5  -6  -7   0  -2  -1  -3  -4   5  -6  -3  -3   2   8   2    1   1   0   0   0   0   0   0   2   2   5   1   0  19   0   1   1   2  51  13  1.58 0.67
  321 W    -2   0   0   1  -5   1   1  -2   1  -3  -3   0  -2   1  -3  -1   0   8   4  -3    4   4   5   8   0   6   8   2   4   1   1   5   1   6   1   3   7  20  14   1  0.63 0.37
  322 A     4   0  -2  -1  -4  -1   0   2  -2  -3  -3   1  -2  -5  -4   1  -1  -5  -3  -2   39   6   1   3   0   2   5  15   1   1   1   8   1   0   0  11   3   0   1   2  0.47 0.34
  323 I    -1  -6  -6  -6  -4  -5  -6  -6  -6   5   2  -5   1  -1  -6  -3  -2  -5  -1   4    4   0   0   0   0   0   0   0   0  37  14   0   3   2   0   1   2   0   3  33  1.04 0.48
  324 V     0   0  -3  -4  -1  -2  -4  -4  -1   3   2  -1   2  -1  -4  -2  -1  -4  -2   3    9   7   1   0   1   2   0   1   1  20  19   4   4   2   0   1   3   0   1  24  0.38 0.26
  325 D     0  -2   3   5  -5   1   2  -2  -1  -5  -4   1  -4  -5  -3   0  -1  -6  -3  -4    6   2  13  37   0   5  15   2   1   0   1   8   0   0   1   5   3   0   1   1  0.72 0.39
  326 L     1  -3  -3  -1  -3  -3  -3  -3  -4   1   3  -3   1   3   1  -2  -1  -2  -1   1   16   0   1   4   0   1   1   1   0   6  28   1   3  16   8   2   4   0   1   8  0.32 0.23
  327 G     2  -1  -1   1  -3  -1  -1   0  -2  -1   1   1   0   0  -1   0   0  -2  -2   0   21   2   1   8   0   2   2   7   0   3  14  10   2   6   3   8   5   1   1   4  0.08 0.11
  328 K     0   2   0  -2  -5   1   1   1  -2  -4  -2   5  -2  -5   1  -1  -2  -5  -3  -3    7  10   3   1   0   6   8  10   0   0   3  39   0   0   6   2   1   0   1   2  0.53 0.30
  329 A     2  -2  -1  -2  -3   0  -1   2  -1  -2   0  -1  -2  -1   0   2   0  -3  -1  -1   21   1   2   1   0   3   2  18   1   2  10   3   0   3   4  19   4   0   2   3  0.20 0.15
  330 I     0   0   0   0  -3   1   0   0  -1   0   0   0   1   0   1   0   0  -2   1   0    6   6   6   6   0   6   6   6   0   6   6   6   6   6   6   6   6   0   6   6  0.04 0.07
  331 P     1  -1   0   0  -3   0   1   0  -3  -1  -2   0  -2   0   4   0   0  -4  -3  -1   13   4   4   6   0   4   9   6   0   5   4   4   0   4  22   6   5   0   0   5  0.26 0.20
  332 D    -1   0   0   2   0  -1   2  -1  -2   0  -1   0  -2  -3   2   0   1  -4  -3   0    5   7   4  13   3   0  17   5   0   6   5   3   0   0  10   6   9   0   0   8  0.17 0.17
  333 I    -1   1   0   0  -3   0   0   0   3   1  -1  -1   0   0   2  -1   1  -3  -1   0    3  10   3   5   0   4   5   7  10  10   5   0   2   4  12   3   9   0   2   6  0.11 0.14
  334 Q     0   2   0   1  -4   5   1  -2   1  -4  -3   0  -3  -5   2   0   1  -4  -3  -4    8  11   3   7   0  29   7   2   4   0   2   3   0   0  10   4  10   0   0   0  0.46 0.33
  335 S     2   0   0   0  -3   0  -2   1   1   0  -3  -2  -2  -4   2   2   2  -4  -3  -2   19   7   3   4   0   4   0   9   4   8   0   0   0   0  11  17  14   0   0   0  0.27 0.22
  336 A     4  -2  -2   0   3  -1   0  -1  -2  -1  -2   0  -2  -3  -2   2   1  -4  -3  -1   47   0   0   5   8   0   7   0   0   3   0   5   0   0   0  15   9   0   0   0  0.37 0.14

                      K         Lambda
PSI Ungapped         0.1334     0.3179
PSI Gapped           0.0408     0.2670
