
Last position-specific scoring matrix computed, weighted observed percentages rounded down, information per position, and relative weight of gapless real matches to pseudocounts
            A   R   N   D   C   Q   E   G   H   I   L   K   M   F   P   S   T   W   Y   V   A   R   N   D   C   Q   E   G   H   I   L   K   M   F   P   S   T   W   Y   V
    1 T     0  -1   0  -1  -1  -1  -1  -2  -2  -1  -1  -1  -1  -2  -1   1   5  -2  -2   0    0   0   0   0   0   0   0   0   0   0   0   0   0   0   0   0 100   0   0   0  0.46 0.00
    2 I    -1  -3  -3  -3  -1  -3  -3  -4  -3   4   2  -3   1   0  -3  -2  -1  -3  -1   3    0   0   0   0   0   0   0   0   0 100   0   0   0   0   0   0   0   0   0   0  0.39 0.00
    3 Q    -1   1   0   0  -3   5   2  -2   0  -3  -2   1   0  -3  -1   0  -1  -2  -1  -2    0   0   0   0   0 100   0   0   0   0   0   0   0   0   0   0   0   0   0   0  0.65 0.00
    4 N    -2   0   6   1  -3   0   0   0   1  -3  -3   0  -2  -3  -2   1   0  -4  -2  -3    0   0 100   0   0   0   0   0   0   0   0   0   0   0   0   0   0   0   0   0  0.72 0.00
    5 D    -2  -2   1   6  -3   0   2  -1  -1  -3  -4  -1  -3  -4  -1   0  -1  -4  -3  -3    0   0   0 100   0   0   0   0   0   0   0   0   0   0   0   0   0   0   0   0  0.92 0.00
    6 I    -1  -3  -3  -3  -1  -3  -3  -4  -3   4   2  -3   1   0  -3  -2  -1  -3  -1   3    0   0   0   0   0   0   0   0   0 100   0   0   0   0   0   0   0   0   0   0  0.39 0.00
    7 P    -1  -2  -2  -1  -3  -1  -1  -2  -2  -3  -3  -1  -2  -4   7  -1  -1  -4  -3  -2    0   0   0   0   0   0   0   0   0   0   0   0   0   0 100   0   0   0   0   0  2.04 0.00
    8 D    -2  -2   1   6  -3   0   2  -1  -1  -3  -4  -1  -3  -4  -1   0  -1  -4  -3  -3    0   0   0 100   0   0   0   0   0   0   0   0   0   0   0   0   0   0   0   0  0.92 0.00
    9 L    -1  -2  -3  -4  -1  -2  -3  -4  -3   2   4  -2   2   0  -3  -2  -1  -2  -1   1    0   0   0   0   0   0   0   0   0   0 100   0   0   0   0   0   0   0   0   0  0.45 0.01
   10 Y     0  -1  -1  -2  -2  -1  -1  -2   1  -2  -1  -1  -1   2  -2   1   0   1   6  -1    0   0   0   0   0   0   0   0   0   0   0   0   0   0   0  33   0   0  67   0  0.48 0.00
   11 S     1  -1   1   0  -1   0   0   0  -1  -2  -2   0  -1  -2  -1   4   1  -3  -2  -2    0   0   0   0   0   0   0   0   0   0   0   0   0   0   0 100   0   0   0   0  0.45 0.00
   12 V     0  -3  -3  -3  -1  -2  -2  -3  -3   3   1  -2   1  -1  -2  -2   0  -3  -1   4    0   0   0   0   0   0   0   0   0   0   0   0   0   0   0   0   0   0   0 100  0.34 0.00
   13 F    -2  -3  -3  -4  -2  -3  -3  -3  -2   1   2  -3   1   5  -3  -2  -2   0   2   0    0   0   0   0   0   0   0   0   0   0  36   0   0  64   0   0   0   0   0   0  0.48 0.01
   14 K    -1   2   0  -1  -3   1   1  -2  -1  -3  -2   5  -1  -3  -1   0  -1  -3  -2  -2    0   0   0   0   0   0   0   0   0   0   0 100   0   0   0   0   0   0   0   0  0.51 0.00
   15 D    -2  -2   1   6  -3   0   2  -1  -1  -3  -4  -1  -3  -4  -1   0  -1  -4  -3  -3    0   0   0 100   0   0   0   0   0   0   0   0   0   0   0   0   0   0   0   0  0.92 0.00
   16 Y    -2  -2  -2  -3  -2  -1  -2  -3   2  -1  -1  -2  -1   3  -3  -2  -2   2   7  -1    0   0   0   0   0   0   0   0   0   0   0   0   0   0   0   0   0   0 100   0  0.85 0.00
   17 F    -2  -3  -3  -4  -2  -3  -3  -3  -1   0   0  -3   0   6  -4  -2  -2   1   3  -1    0   0   0   0   0   0   0   0   0   0   0   0   0 100   0   0   0   0   0   0  0.73 0.00
   18 P    -1  -2  -2  -1  -3  -1  -1  -2  -2  -3  -3  -1  -2  -4   7  -1  -1  -4  -3  -2    0   0   0   0   0   0   0   0   0   0   0   0   0   0 100   0   0   0   0   0  2.04 0.00
   19 I    -1  -3  -3  -3  -1  -3  -3  -4  -3   4   2  -3   1   0  -3  -2  -1  -3  -1   3    0   0   0   0   0   0   0   0   0 100   0   0   0   0   0   0   0   0   0   0  0.39 0.00
   20 G     0  -2   0  -1  -3  -2  -2   6  -2  -4  -4  -2  -3  -3  -2   0  -2  -3  -3  -3    0   0   0   0   0   0   0 100   0   0   0   0   0   0   0   0   0   0   0   0  1.04 0.00
   21 V     0  -3  -3  -3  -1  -2  -2  -3  -3   3   1  -2   1  -1  -2  -2   0  -3  -1   4    0   0   0   0   0   0   0   0   0   0   0   0   0   0   0   0   0   0   0 100  0.34 0.00
   22 A     4  -1  -2  -2   0  -1  -1   0  -2  -1  -1  -1  -1  -2  -1   1   0  -3  -2   0  100   0   0   0   0   0   0   0   0   0   0   0   0   0   0   0   0   0   0   0  0.40 0.00
   23 V     0  -3  -3  -3  -1  -2  -2  -3  -3   3   1  -2   1  -1  -2  -2   0  -3  -1   4    0   0   0   0   0   0   0   0   0   0   0   0   0   0   0   0   0   0   0 100  0.34 0.00
   24 D    -2  -2   1   6  -3   0   2  -1  -1  -3  -4  -1  -3  -4  -1   0  -1  -4  -3  -3    0   0   0 100   0   0   0   0   0   0   0   0   0   0   0   0   0   0   0   0  0.92 0.00
   25 P    -1  -2  -2  -1  -3  -1  -1  -2  -2  -3  -3  -1  -2  -4   7  -1  -1  -4  -3  -2    0   0   0   0   0   0   0   0   0   0   0   0   0   0 100   0   0   0   0   0  2.04 0.00
   26 S     1  -1   1   0  -1   0   0   0  -1  -2  -2   0  -1  -2  -1   4   1  -3  -2  -2    0   0   0   0   0   0   0   0   0   0   0   0   0   0   0 100   0   0   0   0  0.45 0.00
   27 R    -1   5   0  -2  -3   1   0  -2   0  -3  -2   2  -1  -3  -2  -1  -1  -3  -2  -3    0 100   0   0   0   0   0   0   0   0   0   0   0   0   0   0   0   0   0   0  0.74 0.00
   28 L    -1  -2  -3  -4  -1  -2  -3  -4  -3   2   4  -2   2   0  -3  -2  -1  -2  -1   1    0   0   0   0   0   0   0   0   0   0 100   0   0   0   0   0   0   0   0   0  0.45 0.01
   29 N    -2   0   6   1  -3   0   0   0   1  -3  -3   0  -2  -3  -2   1   0  -4  -2  -3    0   0 100   0   0   0   0   0   0   0   0   0   0   0   0   0   0   0   0   0  0.72 0.00
   30 D    -2  -2   1   6  -3   0   2  -1  -1  -3  -4  -1  -3  -4  -1   0  -1  -4  -3  -3    0   0   0 100   0   0   0   0   0   0   0   0   0   0   0   0   0   0   0   0  0.92 0.00
   31 A     3  -1  -1  -2  -1  -1  -1   0  -2  -1  -1  -1  -1  -2  -1   1   2  -3  -2   0   67   0   0   0   0   0   0   0   0   0   0   0   0   0   0   0  33   0   0   0  0.31 0.01
   32 D    -1  -1   1   5  -4   1   3  -2  -1  -3  -3   0  -3  -3  -1   0  -1  -4  -3  -3    0   0   0  64   0   0  36   0   0   0   0   0   0   0   0   0   0   0   0   0  0.73 0.01
   33 P     2  -2  -2  -2  -2  -1  -1  -1  -2  -2  -2  -1  -2  -3   6   0  -1  -3  -2  -1   36   0   0   0   0   0   0   0   0   0   0   0   0   0  64   0   0   0   0   0  1.16 0.00
   34 H    -2   0   1  -1  -3   0   0  -2   8  -3  -3  -1  -2  -1  -2  -1  -2  -2   2  -3    0   0   0   0   0   0   0   0 100   0   0   0   0   0   0   0   0   0   0   0  0.85 0.00
   35 A     4  -1  -2  -2   0  -1  -1   0  -2  -1  -1  -1  -1  -2  -1   1   0  -3  -2   0  100   0   0   0   0   0   0   0   0   0   0   0   0   0   0   0   0   0   0   0  0.40 0.00
   36 Q    -1   1   0   0  -3   5   2  -2   0  -3  -2   1   0  -3  -1   0  -1  -2  -1  -2    0   0   0   0   0 100   0   0   0   0   0   0   0   0   0   0   0   0   0   0  0.65 0.00
   37 L    -1  -2  -3  -4  -1  -2  -3  -4  -3   2   4  -2   2   0  -3  -2  -1  -2  -1   1    0   0   0   0   0   0   0   0   0   0 100   0   0   0   0   0   0   0   0   0  0.45 0.01
   38 T     0  -1   0  -1  -1  -1  -1  -2  -2  -1  -1  -1  -1  -2  -1   1   5  -2  -2   0    0   0   0   0   0   0   0   0   0   0   0   0   0   0   0   0 100   0   0   0  0.46 0.00
   39 A     4  -1  -2  -2   0  -1  -1   0  -2  -1  -1  -1  -1  -2  -1   1   0  -3  -2   0  100   0   0   0   0   0   0   0   0   0   0   0   0   0   0   0   0   0   0   0  0.40 0.00
   40 K    -1   4   0  -1  -3   1   0  -2  -1  -3  -2   4  -1  -3  -1   0  -1  -3  -2  -2    0  36   0   0   0   0   0   0   0   0   0  64   0   0   0   0   0   0   0   0  0.52 0.01
   41 H    -2   0   1  -1  -3   0   0  -2   8  -3  -3  -1  -2  -1  -2  -1  -2  -2   2  -3    0   0   0   0   0   0   0   0 100   0   0   0   0   0   0   0   0   0   0   0  0.85 0.00
   42 F    -2  -3  -3  -4  -2  -3  -3  -3  -1   0   0  -3   0   6  -4  -2  -2   1   3  -1    0   0   0   0   0   0   0   0   0   0   0   0   0 100   0   0   0   0   0   0  0.73 0.00
   43 N    -2   0   6   1  -3   0   0   0   1  -3  -3   0  -2  -3  -2   1   0  -4  -2  -3    0   0 100   0   0   0   0   0   0   0   0   0   0   0   0   0   0   0   0   0  0.72 0.00
   44 M    -1  -1  -2  -3  -1   0  -2  -3  -2   1   2  -1   5   0  -2  -1  -1  -1  -1   1    0   0   0   0   0   0   0   0   0   0   0   0 100   0   0   0   0   0   0   0  0.33 0.00
   45 L    -1  -2  -3  -4  -1  -2  -3  -4  -3   2   4  -2   2   0  -3  -2  -1  -2  -1   1    0   0   0   0   0   0   0   0   0   0 100   0   0   0   0   0   0   0   0   0  0.45 0.01
   46 V     2  -2  -2  -3  -1  -2  -2  -2  -3   2   0  -2   0  -1  -2   0   0  -3  -1   3   36   0   0   0   0   0   0   0   0   0   0   0   0   0   0   0   0   0   0  64  0.22 0.01
   47 A     4  -1  -2  -2   0  -1  -1   0  -2  -1  -1  -1  -1  -2  -1   1   0  -3  -2   0  100   0   0   0   0   0   0   0   0   0   0   0   0   0   0   0   0   0   0   0  0.40 0.00
   48 E     2  -1  -1   1  -2   1   4  -1  -1  -2  -2   0  -2  -3  -1   0  -1  -3  -2  -1   36   0   0   0   0   0  64   0   0   0   0   0   0   0   0   0   0   0   0   0  0.42 0.01
   49 N    -2   0   6   1  -3   0   0   0   1  -3  -3   0  -2  -3  -2   1   0  -4  -2  -3    0   0 100   0   0   0   0   0   0   0   0   0   0   0   0   0   0   0   0   0  0.72 0.00
   50 A     4  -1  -2  -2   0  -1  -1   0  -2  -1  -1  -1  -1  -2  -1   1   0  -3  -2   0  100   0   0   0   0   0   0   0   0   0   0   0   0   0   0   0   0   0   0   0  0.40 0.00
   51 M    -1  -1  -2  -3  -1   0  -2  -3  -2   1   2  -1   5   0  -2  -1  -1  -1  -1   1    0   0   0   0   0   0   0   0   0   0   0   0 100   0   0   0   0   0   0   0  0.33 0.00
   52 K    -1   2   0  -1  -3   1   1  -2  -1  -3  -2   5  -1  -3  -1   0  -1  -3  -2  -2    0   0   0   0   0   0   0   0   0   0   0 100   0   0   0   0   0   0   0   0  0.51 0.00
   53 P    -1  -2  -2  -1  -3  -1  -1  -2  -2  -3  -3  -1  -2  -4   7  -1  -1  -4  -3  -2    0   0   0   0   0   0   0   0   0   0   0   0   0   0 100   0   0   0   0   0  2.04 0.00
   54 E    -1   0   0   2  -4   2   5  -2   0  -3  -3   1  -2  -3  -1   0  -1  -3  -2  -2    0   0   0   0   0   0 100   0   0   0   0   0   0   0   0   0   0   0   0   0  0.73 0.00
   55 S     1  -1   1   0  -1   0   0   0  -1  -2  -2   0  -1  -2  -1   4   1  -3  -2  -2    0   0   0   0   0   0   0   0   0   0   0   0   0   0   0 100   0   0   0   0  0.45 0.00
   56 L    -1  -2  -3  -4  -1  -2  -3  -4  -3   2   4  -2   2   0  -3  -2  -1  -2  -1   1    0   0   0   0   0   0   0   0   0   0 100   0   0   0   0   0   0   0   0   0  0.45 0.01
   57 Q    -1   1   0   0  -3   5   2  -2   0  -3  -2   1   0  -3  -1   0  -1  -2  -1  -2    0   0   0   0   0 100   0   0   0   0   0   0   0   0   0   0   0   0   0   0  0.65 0.00
   58 P    -1  -2  -2  -1  -3  -1  -1  -2  -2  -3  -3  -1  -2  -4   7  -1  -1  -4  -3  -2    0   0   0   0   0   0   0   0   0   0   0   0   0   0 100   0   0   0   0   0  2.04 0.00
   59 T     0  -1   0  -1  -1  -1  -1  -2  -2  -1  -1  -1  -1  -2  -1   1   5  -2  -2   0    0   0   0   0   0   0   0   0   0   0   0   0   0   0   0   0 100   0   0   0  0.46 0.00
   60 E    -1   0   0   2  -4   2   5  -2   0  -3  -3   1  -2  -3  -1   0  -1  -3  -2  -2    0   0   0   0   0   0 100   0   0   0   0   0   0   0   0   0   0   0   0   0  0.73 0.00
   61 G     0  -2   0  -1  -3  -2  -2   6  -2  -4  -4  -2  -3  -3  -2   0  -2  -3  -3  -3    0   0   0   0   0   0   0 100   0   0   0   0   0   0   0   0   0   0   0   0  1.04 0.00
   62 N    -2   0   6   1  -3   0   0   0   1  -3  -3   0  -2  -3  -2   1   0  -4  -2  -3    0   0 100   0   0   0   0   0   0   0   0   0   0   0   0   0   0   0   0   0  0.72 0.00
   63 F    -2  -3  -3  -4  -2  -3  -3  -3  -1   0   0  -3   0   6  -4  -2  -2   1   3  -1    0   0   0   0   0   0   0   0   0   0   0   0   0 100   0   0   0   0   0   0  0.73 0.00
   64 T     2  -1   0  -1  -1  -1  -1  -1  -2  -1  -1  -1  -1  -2  -1   1   4  -2  -2   0   36   0   0   0   0   0   0   0   0   0   0   0   0   0   0   0  64   0   0   0  0.33 0.01
   65 F    -2  -3  -3  -4  -2  -3  -3  -3  -1   0   0  -3   0   6  -4  -2  -2   1   3  -1    0   0   0   0   0   0   0   0   0   0   0   0   0 100   0   0   0   0   0   0  0.73 0.00
   66 D    -2  -2   1   6  -3   0   2  -1  -1  -3  -4  -1  -3  -4  -1   0  -1  -4  -3  -3    0   0   0 100   0   0   0   0   0   0   0   0   0   0   0   0   0   0   0   0  0.92 0.00
   67 N    -2   0   6   1  -3   0   0   0   1  -3  -3   0  -2  -3  -2   1   0  -4  -2  -3    0   0 100   0   0   0   0   0   0   0   0   0   0   0   0   0   0   0   0   0  0.72 0.00
   68 A     4  -1  -2  -2   0  -1  -1   0  -2  -1  -1  -1  -1  -2  -1   1   0  -3  -2   0  100   0   0   0   0   0   0   0   0   0   0   0   0   0   0   0   0   0   0   0  0.40 0.00
   69 D    -2  -2   1   6  -3   0   2  -1  -1  -3  -4  -1  -3  -4  -1   0  -1  -4  -3  -3    0   0   0 100   0   0   0   0   0   0   0   0   0   0   0   0   0   0   0   0  0.92 0.00
   70 K     2   3  -1   0  -3   3   1  -3  -1  -3  -2   2  -2  -2  -1   0   0  -4  -1  -2   20  16   2   4   0  13   8   1   1   1   2  13   1   1   3   5   5   0   2   2  0.31 0.25
   71 I    -3  -5  -6  -6  -2  -3  -3  -6  -2   5   3  -5   2   2  -6  -3  -2  -4   1   1    2   0   0   0   1   1   1   0   1  33  33   0   5   8   0   2   1   0   4   7  0.83 0.42
   72 V     0  -4  -6  -6  -2  -4  -6  -6  -6   1   1  -4   3  -1  -6  -2  -3  -6  -1   6    7   1   0   0   1   1   0   0   0   7  10   1   7   2   0   3   1   0   2  59  1.11 0.55
   73 D     1  -1   3   4  -5   1   2  -1  -1  -5  -4   0  -4  -5  -4   1  -1  -2  -3  -4   14   3  15  25   0   5  14   3   1   0   1   5   0   0   0   9   4   1   1   1  0.55 0.35
   74 Y    -3  -1  -3  -5  -6  -2  -4  -5   2  -3   0  -1  -1   7  -6  -2  -3   4   4  -3    1   4   1   1   0   2   0   1   5   1   9   4   1  48   0   3   1   6  11   1  1.17 0.54
   75 A     6  -6  -5  -6   1  -5  -5   1  -6  -1  -5  -5  -5  -6  -2  -1  -3  -7  -6  -1   72   0   0   0   3   0   0  11   0   3   0   0   0   0   2   3   1   0   0   4  1.44 0.70
   76 I     0  -1  -1  -1  -2   2   2  -2  -1   2  -1   1   0  -1  -2  -1  -1  -2   1   0    8   0   0   0   0  19  26   0   0  32   0   7   0   0   0   0   0   0   8   0  0.16 0.03
   77 A     3  -1   0   1  -2   0   3  -1  -1  -2  -2   0  -2  -3  -1   0  -1  -3  -2  -1   54   0   6   5   0   0  35   0   0   0   0   0   0   0   0   0   0   0   0   0  0.36 0.04
   78 H    -2  -1   6   0  -3   0  -1  -1   6  -4  -4  -1  -2  -3  -3   0  -1  -4  -1  -3    0   0  68   0   0   0   0   0  32   0   0   0   0   0   0   0   0   0   0   0  0.77 0.06
   79 N    -2   0   5   3  -3   0   0   0   2  -4  -4   1  -3  -3  -2   0  -1  -4  -2  -3    0   0  52  23   0   0   0   7   7   0   0  12   0   0   0   0   0   0   0   0  0.53 0.04
   80 M    -1  -2  -3  -3  -2  -1  -2  -3  -2   1   2   0   7  -1  -3  -2  -1  -2  -2   0    0   0   0   0   0   0   0   0   0   7   0   6  87   0   0   0   0   0   0   0  0.57 0.08
   81 K    -1   1  -1  -1  -2   1   1  -3  -1   1   1   2   0  -1  -2  -1   0  -3  -2   0    0   6   0   0   0   4  11   0   0  13  26  32   0   0   0   0   7   0   0   0  0.14 0.02
   82 M    -1  -2  -3  -4  -1  -2  -3  -4  -3   2   3  -2   4   0  -3  -2  -1  -2  -1   2    0   0   0   0   0   0   0   0   0  14  27   0  34   0   0   0   0   0   0  25  0.35 0.03
   83 R    -2   6  -1  -2  -4   1   0  -3  -1  -4  -3   2  -2  -3  -3  -1  -2  -3  -2  -3    0 100   0   0   0   0   0   0   0   0   0   0   0   0   0   0   0   0   0   0  0.98 0.07
   84 G     0  -3  -1  -2  -3  -2  -3   6  -2  -3  -3  -2   0  -3  -3  -1  -2  -3  -3  -3    0   0   0   0   0   0   0  93   0   0   0   0   7   0   0   0   0   0   0   0  1.04 0.05
   85 H    -2  -1   0  -2  -4   0  -1  -3   9  -4  -3  -1  -2  -2  -3  -1  -2  -3   1  -4    0   0   0   0   0   0   0   0 100   0   0   0   0   0   0   0   0   0   0   0  1.30 0.09
   86 T     2  -1   1  -1  -1  -1  -1  -1  -2  -1  -2  -1  -1  -3  -1   1   5  -3  -2   0   20   0   7   0   0   0   0   0   0   0   0   0   0   0   0   0  73   0   0   0  0.45 0.05
   87 L    -2  -3  -4  -4  -2  -3  -3  -4  -3   1   4  -3   2   2  -3  -3  -2  -2  -1   0    0   0   0   0   0   0   0   0   0   0  93   0   0   7   0   0   0   0   0   0  0.55 0.05
   88 L    -1  -3  -4  -4  -1  -2  -3  -4  -3   2   3  -3   1   0  -3  -2  -1  -2  -1   3    0   0   0   0   0   0   0   0   0   0  59   0   0   0   0   0   0   0   0  41  0.41 0.04
   89 W    -3  -3  -5  -5  -3  -3  -4  -3  -3  -3  -2  -4  -2   0  -4  -4  -3  12   2  -4    0   0   0   0   0   0   0   0   0   0   0   0   0   0   0   0   0 100   0   0  2.82 0.11
   90 H    -2  -1   0  -2  -4   0  -1  -3   9  -4  -3  -1  -2  -2  -3  -1  -2  -3   1  -4    0   0   0   0   0   0   0   0 100   0   0   0   0   0   0   0   0   0   0   0  1.30 0.09
   91 N     0  -1   4   0  -2   0   0  -1   0  -3  -3   0  -2  -3  -2   4   1  -4  -2  -3    0   0  43   0   0   0   0   0   0   0   0   0   0   0   0  57   0   0   0   0  0.54 0.05
   92 Q    -1   1   0  -1  -4   7   2  -2   0  -3  -3   1  -1  -4  -2  -1  -1  -3  -2  -3    0   0   0   0   0 100   0   0   0   0   0   0   0   0   0   0   0   0   0   0  0.93 0.08
   93 V    -1  -3  -3  -4  -1  -2  -3  -4  -3   3   1  -3   2  -1  -3  -2   0  -3  -2   4    0   0   0   0   0   0   0   0   0  19   0   0   8   0   0   0   0   0   0  73  0.42 0.04
   94 P    -1  -3  -3  -2  -3  -2  -2  -3  -3  -3  -3  -1  -3  -4   8  -1  -2  -4  -4  -3    0   0   0   0   0   0   0   0   0   0   0   0   0   0 100   0   0   0   0   0  2.22 0.08
   95 D     0  -2   2   5  -3   0   2  -1  -1  -3  -3  -1  -3  -4  -2   1  -1  -4  -3  -3   11   0   7  64   0   0  10   0   0   0   0   0   0   0   0   8   0   0   0   0  0.64 0.04
   96 W    -3  -3  -5  -5  -3  -3  -4  -3  -3  -3  -2  -4  -2   0  -4  -4  -3  12   2  -4    0   0   0   0   0   0   0   0   0   0   0   0   0   0   0   0   0 100   0   0  2.82 0.11
   97 F    -2  -3  -4  -4  -3  -4  -4  -4  -2   0   1  -3   0   7  -4  -3  -2   0   2   0    0   0   0   0   0   0   0   0   0   0   7   0   0  87   0   0   0   0   0   6  0.83 0.06
   98 F    -3  -3  -4  -4  -3  -4  -4  -4  -2  -1   0  -4   0   7  -4  -3  -3   1   3  -1    0   0   0   0   0   0   0   0   0   0   0   0   0 100   0   0   0   0   0   0  1.04 0.07
   99 Q    -1   0   0  -1  -2   3   2  -2  -1  -2  -2   1  -1  -3  -1   0   3  -3  -2  -1    0   0   0   0   0  32  14   0   0   0   0   8   0   0   0   0  46   0   0   0  0.40 0.04
  100 D    -2  -1   2   6  -4   0   2  -2  -1  -4  -4  -1  -3  -4  -2   0  -1  -4  -3  -3    0   0  11  69   0   0  14   0   0   0   0   0   0   0   0   6   0   0   0   0  0.78 0.04
  101 P    -1  -2  -2  -2  -3  -1  -1  -2  -2  -3  -3   0  -3  -4   8   0  -1  -4  -3  -3    0   0   0   0   0   0   0   0   0   0   0   7   0   0  85   8   0   0   0   0  1.75 0.06
  102 S     1  -1   3   2  -2   1   1  -1  -1  -3  -3   0  -2  -3  -1   2   1  -3  -2  -2   12   0  29  13   0   6   8   0   0   0   0   0   0   0   0  26   6   0   0   0  0.34 0.02
  103 D    -2  -2   2   6  -4  -1   1  -2  -1  -4  -4  -1  -4  -4  -2  -1  -1  -5  -4  -4    0   0   7  93   0   0   0   0   0   0   0   0   0   0   0   0   0   0   0   0  1.07 0.06
  104 P     1  -1  -1  -1  -2  -1  -1  -1  -2  -3  -3   0  -2  -3   6   2   0  -4  -3  -2   14   0   0   0   0   0   0   0   0   0   0   6   0   0  47  33   0   0   0   0  0.86 0.04
  105 S     1  -1   0  -1  -1  -1  -1   1  -1  -2  -2  -1  -2  -3  -1   4   3  -3  -2  -1    6   0   0   0   0   0   0   7   0   0   0   0   0   0   0  60  28   0   0   0  0.41 0.04
  106 K    -1   2  -1  -1  -3   2   0  -2  -1  -3  -2   5   1  -3  -2  -1  -1  -3  -2  -2    0   7   0   0   0   6   0   0   0   0   0  81   7   0   0   0   0   0   0   0  0.55 0.05
  107 P    -1  -2  -2  -1  -3  -1   0  -2  -2  -3  -3  -1  -3  -4   7   0   0  -4  -3  -3    0   0   0   0   0   0   8   0   0   0   0   0   0   0  84   4   4   0   0   0  1.73 0.06
  108 A     4  -2  -2  -2  -1  -1  -1   0  -2  -1  -2  -1  -1  -2  -1   1   0  -3  -2   0   86   0   0   0   0   0   0   0   0   0   0   0   0   0   0   6   0   0   0   8  0.44 0.05
  109 S     0  -1   0  -1  -1  -1  -1  -1  -2  -2  -2  -1  -1  -3  -1   3   4  -3  -2  -1    0   0   0   0   0   0   0   0   0   0   0   0   0   0   0  46  54   0   0   0  0.49 0.05
  110 R    -1   5   0  -1  -3   0  -1   0  -1  -3  -3   1  -2  -3  -2   2  -1  -3  -2  -3    0  66   0   0   0   0   0   7   0   0   0   0   0   0   0  26   0   0   0   0  0.55 0.05
  111 D    -1  -1   0   4  -4   1   5  -2  -1  -4  -4   0  -3  -4  -2   0  -1  -4  -3  -3    0   0   0  28   0   0  72   0   0   0   0   0   0   0   0   0   0   0   0   0  0.78 0.05
  112 L    -1   0  -1  -2  -2   3   0   0  -1  -1   2   2   1  -2  -2  -1  -1  -2  -2  -1    0   0   0   0   0  34   0   8   0   0  33  19   6   0   0   0   0   0   0   0  0.20 0.03
  113 L    -2  -3  -4  -4  -2  -3  -3  -4  -3   1   5  -3   2   0  -3  -3  -2  -2  -1   1    0   0   0   0   0   0   0   0   0   0 100   0   0   0   0   0   0   0   0   0  0.60 0.05
  114 L    -2   2  -3  -3  -2  -1  -2  -4  -2   1   4  -1   2   0  -3  -2  -1  -2  -1   0    0  19   0   0   0   0   0   0   0   0  77   0   4   0   0   0   0   0   0   0  0.38 0.04
  115 Q     1   0   0   0  -2   3   3   0  -1  -3  -3   1  -1  -3  -1   1   0  -3  -2  -2   20   0   0   0   0  26  31   6   0   0   0   4   0   0   0  13   0   0   0   0  0.35 0.03
  116 R    -2   6  -1  -2  -4   1   0  -3  -1  -4  -3   2  -2  -3  -3  -1  -2  -3  -2  -3    0 100   0   0   0   0   0   0   0   0   0   0   0   0   0   0   0   0   0   0  0.98 0.07
  117 L    -1  -2  -3  -4  -2  -2  -3  -4  -3   2   3  -2   5   0  -3  -2  -1  -2  -1   1    0   0   0   0   0   0   0   0   0   5  45   0  44   0   0   0   0   0   0   6  0.43 0.04
  118 R    -2   4   0   0  -3   2   3  -4   0  -2  -4   4  -2  -5  -4  -2  -1  -5  -2  -3    2  21   5   4   1   8  21   0   2   3   1  23   1   0   0   2   3   0   1   2  0.60 0.35
  119 T     0   0   4   3  -3   0   2  -2   0  -4  -4   0  -3  -4  -4   1   2  -5  -4  -4    8   4  24  15   0   4  12   1   2   1   1   4   1   1   0  11  12   0   0   0  0.51 0.32
  120 H    -6  -2  -4  -6  -8  -4  -5  -7  10  -7  -7  -5  -2  -1  -3  -6  -2  -6   4  -7    0   2   0   0   0   0   0   0  78   0   0   0   1   2   2   0   3   0  12   0  3.05 1.03
  121 I    -1  -3  -3  -3  -1  -3  -3  -4  -3   4   2  -3   1   0  -3  -2  -1  -3  -1   3    0   0   0   0   0   0   0   0   0 100   0   0   0   0   0   0   0   0   0   0  0.39 0.00
  122 T     0  -1   0  -1  -1  -1  -1  -2  -2  -1  -1  -1  -1   2  -1   1   4  -2   0   0    0   0   0   0   0   0   0   0   0   0   0   0   0  17   0   0  83   0   0   0  0.34 0.00
  123 T     1  -1   0  -1  -1  -1  -1  -1  -2  -1  -1  -1  -1  -2  -1   1   4  -3  -2   0   21   0   0   0   0   0   0   0   0   0   0   0   0   0   0   0  79   0   0   0  0.37 0.00
  124 V     0  -3  -3  -3  -1  -2  -3  -3  -3   3   1  -2   1  -1  -2  -2   0  -3  -1   4    0   0   0   0   0   0   0   0   0   0   0   0   0   0   0   0   0   0   0 100  0.35 0.00
  125 L    -2  -2  -3  -4  -1  -2  -3  -4  -3   2   4  -3   2   0  -3  -3  -1  -2  -1   1    0   0   0   0   0   0   0   0   0   0 100   0   0   0   0   0   0   0   0   0  0.46 0.00
  126 D    -1  -1   2   4  -3   0   2   2  -1  -3  -4   0  -3  -3  -2   0  -1  -4  -3  -3    0   0  17  44   0   0  21  17   0   0   0   0   0   0   0   0   0   0   0   0  0.52 0.00
  127 H    -2   0   1  -1  -3   0   0  -2   8  -3  -3  -1  -2  -1  -2  -1  -2  -2   2  -3    0   0   0   0   0   0   0   0 100   0   0   0   0   0   0   0   0   0   0   0  0.86 0.00
  128 F    -2  -3  -3  -4  -2  -3  -3  -3  -2   1   1  -3   0   6  -4  -2  -2   0   2   0    0   0   0   0   0   0   0   0   0  21   0   0   0  79   0   0   0   0   0   0  0.54 0.00
  129 K    -1   2   0  -1  -3   3   1  -2   0  -3  -2   4  -1  -3  -1   0  -1  -3  -2  -2    0   0   0   0   0  21   0   0   0   0   0  79   0   0   0   0   0   0   0   0  0.48 0.00
  130 T     0  -1   0   0  -1   0   1  -2  -1  -1  -1   0  -1  -2  -1   1   4  -3  -2   0    0   0   0   0   0   0  17   0   0   0   0   0   0   0   0   0  83   0   0   0  0.39 0.00
  131 K    -1   2   0  -1  -3   1   1  -2  -1  -3  -3   5  -1  -3  -1   0  -1  -3  -2  -2    0   0   0   0   0   0   0   0   0   0   0 100   0   0   0   0   0   0   0   0  0.52 0.00
  132 Y    -1  -2  -2  -3   5  -2  -2  -3   1  -1  -1  -2  -1   2  -3  -2  -1   2   6  -1    0   0   0   0  21   0   0   0   0   0   0   0   0   0   0   0   0   0  79   0  0.68 0.00
  133 G     0  -2   0  -1  -2  -1  -2   5  -2  -4  -4  -1  -3  -3  -2   1  -1  -3  -3  -3    0   0   0   0   0   0   0  83   0   0   0   0   0   0   0  17   0   0   0   0  0.82 0.00
  134 S     2  -1   0   0  -1   0   0   0  -1  -2  -2   0  -1  -2  -1   4   1  -3  -2  -1   15   0   0   0   0   0   0   0   0   0   0   0   0   0   0  85   0   0   0   0  0.41 0.00
  135 Q    -1   0   3   0  -2   3   1  -2   0  -1   0   0   0  -2  -2   0  -1  -2  -2  -1    0   0  34   0   0  44   0   0   0   0  21   0   0   0   0   0   0   0   0   0  0.28 0.00
  136 N    -2  -1   5   3  -3   0   0  -1   0  -3  -4   0  -2  -3  -2   0   0  -4  -2  -3    0   0  79  21   0   0   0   0   0   0   0   0   0   0   0   0   0   0   0   0  0.66 0.00
  137 P    -1  -2  -2  -2  -3  -1  -1  -2  -2  -3  -3  -1  -3  -4   8  -1  -1  -4  -3  -2    0   0   0   0   0   0   0   0   0   0   0   0   0   0 100   0   0   0   0   0  2.04 0.00
  138 I    -1  -3  -3  -3  -1  -3  -3  -4  -3   4   2  -3   1   0  -3  -2  -1  -3  -1   3    0   0   0   0   0   0   0   0   0 100   0   0   0   0   0   0   0   0   0   0  0.39 0.00
  139 I    -1  -3  -2  -3  -1  -3  -3   2  -3   3   1  -2   1  -1  -3  -2  -1  -3  -2   2    0   0   0   0   0   0   0  21   0  62   0   0   0   0   0   0   0   0   0  17  0.23 0.00
  140 G     2  -2  -1  -2  -2  -1  -2   5  -2  -3  -3  -1  -2  -3  -2   0  -1  -3  -3  -2   34   0   0   0   0   0   0  66   0   0   0   0   0   0   0   0   0   0   0   0  0.64 0.00
  141 W    -3  -3  -4  -4  -2  -2  -3  -3  -2  -3  -2  -3  -1   1  -4  -3  -3  11   2  -3    0   0   0   0   0   0   0   0   0   0   0   0   0   0   0   0   0 100   0   0  2.32 0.00
  142 D    -2  -2   1   6  -4   0   2  -1  -1  -3  -4  -1  -3  -4  -2   0  -1  -4  -3  -3    0   0   0 100   0   0   0   0   0   0   0   0   0   0   0   0   0   0   0   0  0.93 0.00
  143 V     0  -3  -3  -3  -1  -2  -3  -3  -3   3   1  -2   1  -1  -2  -2   0  -3  -1   4    0   0   0   0   0   0   0   0   0   0   0   0   0   0   0   0   0   0   0 100  0.35 0.00
  144 V     0  -3  -3  -3  -1  -2  -3  -3  -3   3   1  -2   1  -1  -2  -2   0  -3  -1   4    0   0   0   0   0   0   0   0   0   0   0   0   0   0   0   0   0   0   0 100  0.35 0.00
  145 N    -2   0   6   1  -3   0   0   0   1  -3  -3   0  -2  -3  -2   1   0  -4  -2  -3    0   0 100   0   0   0   0   0   0   0   0   0   0   0   0   0   0   0   0   0  0.72 0.00
  146 E    -1   0   0   2  -4   2   5  -2   0  -3  -3   1  -2  -3  -1   0  -1  -3  -2  -3    0   0   0   0   0   0 100   0   0   0   0   0   0   0   0   0   0   0   0   0  0.73 0.00
  147 V     0  -3  -3  -3  -1  -2  -3  -3  -3   3   1  -2   1  -1  -2  -2   0  -3  -1   4    0   0   0   0   0   0   0   0   0   0   0   0   0   0   0   0   0   0   0 100  0.35 0.00
  148 L    -2  -2  -3  -4  -1  -2  -3  -4  -3   2   4  -3   2   0  -3  -3  -1  -2  -1   1    0   0   0   0   0   0   0   0   0   0 100   0   0   0   0   0   0   0   0   0  0.46 0.00
  149 D    -2  -2   1   6  -4   0   2  -1  -1  -3  -4  -1  -3  -4  -2   0  -1  -4  -3  -3    0   0   0 100   0   0   0   0   0   0   0   0   0   0   0   0   0   0   0   0  0.93 0.00
  150 D    -2  -1   1   5  -4   0   3  -2  -1  -3  -4   0  -3  -4  -1   0  -1  -4  -3  -3    0   0   0  79   0   0  21   0   0   0   0   0   0   0   0   0   0   0   0   0  0.79 0.00
  151 N    -1  -1   5   1  -2   0   0   0   0  -3  -3   0  -2  -3  -2   2   0  -4  -2  -3    0   0  79   0   0   0   0   0   0   0   0   0   0   0   0  21   0   0   0   0  0.58 0.00
  152 G     0  -2   0  -1  -3  -2  -2   6  -2  -4  -4  -2  -3  -3  -2   0  -2  -3  -3  -3    0   0   0   0   0   0   0 100   0   0   0   0   0   0   0   0   0   0   0   0  1.04 0.00
  153 N    -1   0   5   1  -2   2   0  -1   0  -3  -3   0  -2  -3  -2   1   0  -3  -2  -3    0   0  68   0   0  17   0   0   0   0   0   0   0   0   0  15   0   0   0   0  0.51 0.00
  154 L    -2  -2  -3  -4  -1  -2  -3  -4  -3   2   4  -3   2   0  -3  -3  -1  -2  -1   1    0   0   0   0   0   0   0   0   0   0 100   0   0   0   0   0   0   0   0   0  0.46 0.00
  155 R    -1   6   0  -2  -4   1   0  -2   0  -3  -2   2  -1  -3  -2  -1  -1  -3  -2  -3    0 100   0   0   0   0   0   0   0   0   0   0   0   0   0   0   0   0   0   0  0.75 0.00
  156 N    -2   0   6   1  -3   0   0   0   1  -3  -3   0  -2  -3  -2   1   0  -4  -2  -3    0   0 100   0   0   0   0   0   0   0   0   0   0   0   0   0   0   0   0   0  0.72 0.00
  157 S     1  -1   0  -1  -1   0   0  -1  -1  -3  -3   0  -2  -3   4   3   1  -3  -2  -2    0   0   0   0   0   0   0   0   0   0   0   0   0   0  21  79   0   0   0   0  0.52 0.00
  158 K    -1   2   0  -1  -3   1   1  -2  -1  -2  -2   4  -1  -3  -1   0   2  -3  -2  -2    0   0   0   0   0   0   0   0   0   0   0  79   0   0   0   0  21   0   0   0  0.39 0.00
  159 W    -3  -3  -4  -4  -2  -2  -3  -3  -2  -3  -2  -3  -1   1  -4  -3  -3  11   2  -3    0   0   0   0   0   0   0   0   0   0   0   0   0   0   0   0   0 100   0   0  2.32 0.00
  160 L    -2  -2  -3  -4  -1  -2  -3  -4  -3   2   4  -3   2   0  -3  -3  -1  -2  -1   1    0   0   0   0   0   0   0   0   0   0 100   0   0   0   0   0   0   0   0   0  0.46 0.00
  161 Q    -1   1   0   0  -3   5   2  -2   0  -3  -2   1   0  -3  -1   0  -1  -2  -1  -2    0   0   0   0   0 100   0   0   0   0   0   0   0   0   0   0   0   0   0   0  0.65 0.00
  162 I    -1  -3  -3  -3  -1  -3  -3  -4  -3   4   2  -3   1   0  -3  -2  -1  -3  -1   3    0   0   0   0   0   0   0   0   0 100   0   0   0   0   0   0   0   0   0   0  0.39 0.00
  163 I    -1  -3  -3  -3  -1  -3  -3  -4  -3   4   2  -3   1   0  -3  -2  -1  -3  -1   3    0   0   0   0   0   0   0   0   0 100   0   0   0   0   0   0   0   0   0   0  0.39 0.00
  164 G     0  -2   0  -1  -3  -2  -2   6  -2  -4  -4  -2  -3  -3  -2   0  -2  -3  -3  -3    0   0   0   0   0   0   0 100   0   0   0   0   0   0   0   0   0   0   0   0  1.04 0.00
  165 P    -1  -2  -2  -2  -3  -1  -1  -2  -2  -3  -3  -1  -3  -4   8  -1  -1  -4  -3  -2    0   0   0   0   0   0   0   0   0   0   0   0   0   0 100   0   0   0   0   0  2.04 0.00
  166 D    -2  -2   1   6  -4   0   2  -1  -1  -3  -4  -1  -3  -4  -2   0  -1  -4  -3  -3    0   0   0 100   0   0   0   0   0   0   0   0   0   0   0   0   0   0   0   0  0.93 0.00
  167 Y    -2  -2  -2  -3  -3  -1  -2  -3   2  -1  -1  -2  -1   3  -3  -2  -2   2   7  -1    0   0   0   0   0   0   0   0   0   0   0   0   0   0   0   0   0   0 100   0  0.86 0.00
  168 I    -1  -3  -3  -3  -1  -3  -3  -4  -3   4   2  -3   1   0  -3  -2  -1  -3  -1   3    0   0   0   0   0   0   0   0   0 100   0   0   0   0   0   0   0   0   0   0  0.39 0.00
  169 E     2   0  -1   2  -4  -1   4  -2  -2  -2  -3   1  -1  -2   0  -1  -1   0  -1  -2   20   4   1  12   0   1  28   2   1   2   2   9   2   2   4   2   2   2   2   2  0.36 0.24
  170 K    -1   0   0   2  -4   1   1  -3   1   0   0   3  -1  -2  -2  -1   0  -1   0  -1    6   3   4  11   0   7  10   0   4   6  12  22   1   1   1   2   5   1   3   3  0.18 0.15
  171 A     7  -5  -5  -6  -1  -5  -5  -2  -6  -2  -5  -5  -1  -6  -5  -1  -2  -7  -6  -2   86   0   0   0   1   0   0   1   0   2   0   0   2   0   0   4   2   0   0   3  1.77 0.67
  172 F    -6  -7  -7  -8  -6  -7  -7  -7  -5  -2   1  -7  -4   9  -8  -3  -6  -3   2  -5    0   0   0   0   0   0   0   0   0   2  10   0   0  80   0   2   0   0   5   0  2.47 0.74
  173 E    -1   5  -1  -2  -5   2   2  -3   0  -1  -2   2  -2  -3  -4  -2   0  -1  -3  -2    4  31   2   1   0  11  15   2   2   5   4  11   1   1   0   1   7   1   1   2  0.51 0.28
  174 Y     1  -3  -3  -4  -2  -3  -3  -5  -2   0  -1  -2   1   3  -5  -1   1   6   5  -2   13   1   1   1   1   1   1   0   1   5   6   2   4  13   0   4  10  13  24   2  0.73 0.34
  175 A     7  -4  -5  -5  -3  -4  -4  -3  -5  -4  -4  -4  -1  -5  -4  -2  -1  -6  -5  -1   92   0   0   0   0   0   0   0   0   0   0   0   2   0   0   0   3   0   0   3  1.67 0.57
  176 H    -1   5  -1  -1  -6   0  -1  -5   8  -6  -5   0  -4  -5  -5  -2  -4  -5  -2  -5    5  30   2   3   0   4   2   0  47   0   0   5   0   0   0   1   0   0   1   0  1.46 0.47
  177 E     2   0  -2  -1  -5   3   5  -3  -3  -5  -4   1  -2  -5  -3  -1  -2  -5  -4  -3   21   3   1   2   0  11  47   1   0   0   1   9   1   0   0   1   1   0   0   1  0.80 0.34
  178 A     5  -4  -4  -4  -3  -2  -3   0  -4  -1  -3  -3   0  -3  -4  -1  -1  -4   2   1   68   0   0   0   0   1   1   4   0   4   1   0   3   1   0   1   2   0   7   8  0.91 0.39
  179 D    -1  -4  -1   8  -6  -3  -1  -4  -2  -5  -4  -4  -3  -2  -4  -2  -3  -7  -5  -4    7   0   1  82   0   0   1   0   1   0   2   0   1   2   0   2   1   0   0   1  1.79 0.54
  180 P    -3  -4  -5  -5  -6  -3  -4  -4  -5  -6  -5  -3  -6  -7   8  -2  -2  -7  -6  -6    1   1   0   0   0   1   0   1   0   0   1   1   0   0  91   3   2   0   0   0  2.75 0.68
  181 S    -1  -1   3   4  -4   1   1   0   1  -4  -4   1  -3  -4  -3   1   0  -5  -2  -3    5   1  18  25   0   6   7   6   3   0   0  10   0   0   0  13   4   0   1   1  0.46 0.21
  182 M     6  -4  -4  -4  -1  -3  -4  -2  -4  -2  -3  -3   2  -4  -2  -1   0  -5  -4   0   74   0   0   0   1   0   0   2   0   1   1   0   5   0   2   3   5   0   0   7  1.07 0.43
  183 K    -2   1  -2  -1  -4   2   3  -3   0  -1   0   4  -2  -4  -2  -2   0  -4  -3  -2    1   4   1   3   0   8  18   1   2   3  11  38   1   0   1   1   6   0   0   2  0.46 0.25
  184 L    -4  -5  -6  -6  -4  -5  -5  -6  -5  -1   6  -3  -1  -1  -6  -2  -4  -4  -4  -2    0   0   0   0   0   0   0   0   0   1  92   1   0   1   0   4   0   0   0   0  1.55 0.50
  185 F    -2  -3  -4  -5   2  -4  -4  -5   0  -1  -1  -4   0   6  -5  -3  -2   1   6   0    2   1   0   0   6   0   0   0   1   3   1   0   2  41   0   0   1   1  34   6  1.06 0.28
  186 I    -3  -4  -4  -5  -4  -4  -4  -5  -2   4   0  -4   0   1  -5  -4  -3  -1   7   0    0   0   0   0   0   0   0   0   0  38   8   0   2   2   0   0   0   0  47   3  1.11 0.31
  187 N    -3  -1   7   0  -4  -1  -1  -1   0  -4  -5  -1  -3  -4  -3   0  -1  -5  -3  -4    0   0 100   0   0   0   0   0   0   0   0   0   0   0   0   0   0   0   0   0  1.37 0.18
  188 D    -2  -2   0   6  -4   0   3  -2  -2  -4  -4  -1  -4  -4  -2  -1  -2  -5  -4  -4    0   0   0  81   0   0  19   0   0   0   0   0   0   0   0   0   0   0   0   0  1.18 0.14
  189 Y    -3  -3  -3  -4  -4  -3  -3  -4   1  -2  -2  -3  -2   3  -4  -3  -3   1   8  -2    0   0   0   0   0   0   0   0   0   0   0   0   0   4   0   0   0   0  96   0  1.61 0.20
  190 N    -1  -2   6   0  -3  -1  -1   3  -1  -4  -4  -1  -3  -4  -3   1  -1  -4  -3  -4    0   0  62   0   0   0   0  32   0   0   0   0   0   0   0   6   0   0   0   0  0.84 0.12
  191 I    -2  -2  -1  -3  -2  -1  -2  -3   2   3   2  -2   1  -1  -3  -1   1  -3  -1   1    0   0   3   0   0   4   0   0  10  43  22   0   3   0   0   0  15   0   0   0  0.25 0.07
  192 E    -2  -1  -1   3  -5   1   6  -3  -1  -4  -4   0  -3  -4  -2  -1  -2  -4  -3  -3    0   0   0  16   0   0  84   0   0   0   0   0   0   0   0   0   0   0   0   0  1.04 0.15
  193 N    -1   1   2   1  -3   0  -1   2  -1  -3  -1  -1  -2  -1  -2   1  -1   4   2  -2    0  11  17   7   0   4   0  24   0   0   8   0   0   0   0  12   0   7  11   0  0.24 0.05
  194 N    -1  -1   5   2  -2   0  -1   0  -1  -3  -3  -1  -2  -3  -2   3   0  -4  -3  -2    0   0  42   8   0   4   0   6   0   0   0   0   0   0   0  35   0   0   0   4  0.50 0.09
  195 G     0  -2   3   1  -2  -1  -1   3   2  -2  -3  -1  -2  -3   1   0   2  -3  -2  -2    3   0  20   7   0   0   0  26   8   0   0   0   0   0   7   0  26   0   0   3  0.34 0.06
  196 V     3   1  -1  -2  -2   0  -1  -1  -2  -1  -1   1  -1   0  -2   1   0  -3  -1   1   40   7   3   0   0   2   0   0   0   0   0  12   0   7   0  11   0   0   0  18  0.16 0.06
  197 K    -2   3  -1  -2  -4   1   0  -2  -1  -4  -3   6  -2  -4  -2  -1  -2  -4  -3  -3    0  10   0   0   0   0   0   0   0   0   0  90   0   0   0   0   0   0   0   0  0.93 0.15
  198 T    -1   3   0  -2  -2  -1  -2  -3  -2   0   2   0   1  -1  -3   0   2  -3  -2   0    0  27   4   0   0   0   0   0   0   0  37   0   3   0   0   8  17   0   0   3  0.22 0.06
  199 Q    -1  -1   2   3  -3   1   1  -2  -1  -1  -1  -1  -1  -2  -2   0   1  -3   0  -1    4   0  17  26   0  11   9   0   0   2   7   0   0   0   0   0  15   0   4   4  0.25 0.05
  200 A     3  -1   1   2  -2  -1   1   1  -2  -3  -3   0  -2  -3  -2   1   0  -3  -3  -2   39   0   7  18   0   0   6  10   0   0   0   4   0   0   0  12   4   0   0   0  0.29 0.06
  201 M     1  -2  -3  -3  -2  -2  -3  -3  -3   2   1  -2   4   1  -3  -1   0  -2  -1   2   15   0   0   0   0   0   0   0   0  13   7   0  32   6   0   0   4   0   0  24  0.29 0.07
  202 Y    -2  -2   0  -3  -2  -2  -3  -4   0   1   2  -3   0   1  -3  -2  -2   0   6   1    0   0   8   0   0   0   0   0   0   6  26   0   0   0   0   0   0   0  48  12  0.51 0.10
  203 D     1   0   3   2  -3   0   0  -1   1  -3  -3   2  -2  -3  -2   1   1  -4  -2  -2   13   4  29  17   0   0   2   0   4   0   0  16   0   0   0   8   7   0   0   0  0.33 0.06
  204 L    -2  -3  -3  -4  -2  -2  -3  -4  -2   1   3  -3   4   2  -3  -2   0  -2   1   0    0   0   0   0   0   0   0   0   0   6  51   0  24   7   0   0   6   0   6   0  0.43 0.08
  205 V     0  -6  -6  -6  -1  -5  -6  -6  -6   3   1  -6  -1  -1  -6  -4  -2  -6  -4   6    8   0   0   0   1   0   0   0   0  13  14   0   1   2   0   1   1   0   0  58  1.19 0.58
  206 K    -2   3   0  -1  -6   2   1  -3   0  -5  -4   6  -2  -6  -4   0  -1  -6  -5  -3    3  13   3   3   0   8   8   2   2   0   1  47   1   0   0   5   3   0   0   2  0.85 0.48
  207 K    -1   3   1   3  -5   1   2   0  -1  -5  -4   2  -1  -4  -1   1   0  -2  -3  -4    3  15   5  17   0   5  13   6   1   0   1  13   2   1   2  13   4   1   1   0  0.38 0.27
  208 L    -2  -4  -5  -5  -3  -4  -4  -5  -4   0   5  -4   2   4  -4  -4  -3  -2  -1  -1    2   0   0   0   0   0   0   0   0   0  75   0   5  17   0   0   0   0   0   0  0.92 0.25
  209 K    -1   1  -2  -3  -3   2  -1  -3  -2   0   3   3   0  -2  -3  -2  -2  -3  -2   0    3   7   0   0   0  11   0   0   0   3  37  32   2   0   0   0   0   0   0   5  0.37 0.17
  210 N     3   0   1   1  -3   1   2  -2  -2  -3  -3   2  -2  -4  -2   1  -1  -4  -3  -2   39   4   6   8   0   4  16   0   0   0   0  15   0   0   0   8   0   0   0   0  0.38 0.15
  211 E    -1   4   0   2  -4   3   2  -2   2  -4  -3   2  -2  -4  -3  -1  -2  -4  -3  -3    6  33   1  10   0  17  13   2   5   0   0   9   0   0   0   2   0   0   0   2  0.51 0.16
  212 G    -2  -2   1  -2  -4  -3  -3   7  -1  -5  -5  -2  -4  -3  -4  -2  -3  -4  -4  -5    0   2   7   1   0   0   0  87   1   0   0   1   0   1   0   0   0   0   0   0  1.50 0.31
  213 V     0  -4  -4  -5   1  -4  -4  -4  -5   3  -1  -4   0  -2  -4  -3   0  -4  -3   6    5   0   0   0   4   0   0   0   0  12   0   0   1   0   0   0   3   0   0  76  0.90 0.27
  214 P    -3  -1  -4  -4  -5  -3  -3  -4  -4  -5  -5  -3  -5  -6   8  -3  -3  -6  -5  -5    0   4   0   0   0   0   0   0   0   0   0   0   0   0  96   0   0   0   0   0  2.71 0.44
  215 I    -2  -4  -5  -5  -2  -4  -4  -5  -5   5   2  -4   0   0  -4  -4  -2  -4  -2   3    0   0   0   0   0   0   0   0   0  57  16   0   0   3   0   0   0   0   0  25  0.84 0.23
  216 N    -3  -3   0   6  -5  -1   1  -2   5  -5  -5  -2  -4  -4  -3  -2  -1  -5  -3  -5    0   0   3  64   0   0   7   2  21   0   0   0   0   0   0   1   2   0   0   0  1.23 0.29
  217 G     0  -4  -2  -3   4  -2  -4   6  -4  -5  -5  -3  -4  -5  -4  -2  -3  -4  -5  -4    6   0   0   0  10   2   0  82   0   0   0   0   0   0   0   0   0   0   0   0  1.45 0.30
  218 I    -2  -4  -5  -5  -2  -4  -4  -5  -5   5   1  -4   1  -2  -4  -3  -2  -4  -3   5    0   0   0   0   0   0   0   0   0  44   4   0   2   0   0   0   0   0   0  50  0.93 0.25
  219 G    -1  -4  -2  -3  -4  -3  -4   7  -4  -6  -5  -3  -4  -5  -4   0  -3  -4  -5  -5    0   0   0   0   0   0   0  93   0   0   0   0   0   0   0   7   0   0   0   0  1.73 0.34
  220 M    -1  -3  -3  -4  -3   0  -3  -4   4   1   1  -3   4   4  -4  -3  -2  -2   0   0    5   0   0   0   0   5   0   0  17   9  15   0  18  27   0   0   0   0   0   4  0.49 0.18
  221 Q    -3  -1  -2  -2  -5   8   1  -4  -2  -5  -4  -1  -3  -6  -4  -2  -3  -4  -4  -5    0   0   0   0   0  97   3   0   0   0   0   0   0   0   0   0   0   0   0   0  1.97 0.46
  222 M     2  -2  -2  -2   2  -1  -2   2  -2  -2  -1  -2   3   0  -2   2   1  -3  -2  -2   24   0   0   0   5   3   0  15   0   0   4   0  14   4   0  25   6   0   0   0  0.30 0.15
  223 H    -4  -3  -2  -4  -6  -2  -2  -5  11  -6  -5  -3  -4  -4  -5  -3  -4  -5  -1  -6    0   0   0   0   0   0   0   0 100   0   0   0   0   0   0   0   0   0   0   0  2.85 0.52
  224 I    -1  -3  -4  -4  -2  -3  -4  -4  -4   3   3  -4   1   3  -4  -3  -1   2  -1   2    3   0   0   0   0   0   0   0   0  22  41   0   1  16   0   0   3   4   0  10  0.51 0.16
  225 S    -1  -2   1   0  -3  -1   0   2   0   3  -1  -2   0  -2  -3   0   0   0  -2   1    2   2  10   5   0   3   5  19   3  32   0   0   1   0   0   6   4   2   0   8  0.15 0.11
  226 I    -1  -3  -3  -4  -2  -3  -3  -4   0   3   3  -3   0  -1  -3  -1  -1   0   1   3    5   0   1   0   0   0   0   0   3  17  31   0   0   0   0   4   1   2   5  33  0.39 0.14
  227 N    -1   0   3   1  -4  -2   0   5  -1  -4  -4  -1  -3  -4  -3   0  -1  -4  -4  -4    4   5  19   6   0   0   7  52   1   0   0   2   0   0   0   3   3   0   0   0  0.71 0.19
  228 S    -1   2  -1   0  -3   3   1  -2  -2  -3  -3   0  -2  -4  -2   3   3  -4  -3  -3    2  11   0   5   0  22   9   1   0   0   0   1   0   0   0  26  23   0   0   0  0.46 0.18
  229 N    -1  -3   2   3  -2  -2  -1  -3  -2   0   0  -2  -1  -1  -3   2   0  -4  -3   3    0   0  12  20   0   0   0   0   0   2  10   0   0   2   0  22   2   0   0  32  0.29 0.16
  230 I    -2  -3  -4  -3  -3  -3  -2  -4  -4   2   1  -3   1  -3   6  -2  -1  -4  -3   1    0   0   0   0   0   0   2   0   0  15  15   0   5   0  46   1   4   0   0  13  0.90 0.21
  231 D     1   0   0   2  -3   1   2   1  -2  -3  -3   0  -2  -4  -1   2   1  -4  -3  -2   11   3   1  12   0   5  16  12   0   0   0   4   0   0   1  22  12   0   0   0  0.31 0.11
  232 N    -1  -1   2   4  -3   1   1  -1  -2  -3  -2  -1  -1  -3  -2   1   2   0  -2  -3    2   1  14  28   0   6  10   2   0   0   3   0   2   0   0  11  19   2   1   0  0.39 0.14
  233 I    -2  -3  -4  -4  -2  -3  -4  -4  -3   3   3  -3   3   3  -4  -3  -1  -2   2   2    2   0   0   0   0   0   0   0   0  20  30   0  12  12   0   0   2   0   9  13  0.45 0.14
  234 K     0   3  -1   0  -4   4   3  -1  -1  -3  -3   2  -2  -4  -2  -1  -1  -4  -3  -2    5  20   0   2   0  27  25   5   0   1   0   9   0   0   0   2   2   0   0   2  0.53 0.18
  235 A     2   0   1   1  -3   2   2  -1  -1  -2  -3   1  -2  -3  -2   0   0  -3  -1  -2   27   3   5   8   0  15  17   2   0   2   0   8   0   0   0   4   7   0   3   0  0.28 0.12
  236 S     1  -2   6  -1   0  -1  -2  -2  -2  -3  -4  -2  -3  -4  -3   2   2  -5  -3  -2   16   0  47   0   2   1   0   0   0   0   0   0   0   0   0  18  14   0   0   2  0.69 0.23
  237 I    -3  -4  -4  -5  -3  -3  -4  -5  -4   4   3  -4   4   0  -4  -3  -2   2  -2   1    0   0   0   0   0   0   0   0   0  41  32   0  17   3   0   0   0   3   0   4  0.71 0.21
  238 E    -1   2   1   0  -4   3   3  -3  -1  -2  -1   2   0  -3  -2  -1   0  -1  -3  -1    5  11   6   5   0  14  18   1   1   2   5  13   2   1   1   4   5   1   0   4  0.29 0.23
  239 K     2   4  -1   1  -4   1   0  -2  -1  -3  -2   3   0  -5  -4  -1   0  -5  -2  -2   22  26   2   7   0   5   4   2   1   1   4  16   2   0   0   2   5   0   1   1  0.45 0.33
  240 L    -2  -6  -6  -7   0  -6  -6  -4  -1  -1   1  -6   0   7  -6  -3  -3   0   5  -1    3   0   0   0   2   0   0   1   1   3  11   0   2  47   0   1   1   1  21   5  1.35 0.60
  241 A     5  -1  -2  -1  -1  -2   0  -1  -1  -1  -3  -1  -3  -5  -4   1   0  -5  -3  -1   53   3   1   3   1   1   6   4   1   3   1   3   0   0   0  11   5   0   0   4  0.62 0.34
  242 S     3  -1   0   3  -4   0   2  -1  -2  -4  -4   0  -4  -5  -2   2   0  -5  -4  -3   27   3   3  17   0   3  14   4   0   0   0   5   0   0   1  17   4   0   0   1  0.45 0.26
  243 L     0  -3  -3  -5  -1  -3  -3  -5  -4   0   5  -3   0  -2  -5  -3   1  -5  -4  -1    9   1   1   0   1   0   2   0   0   4  65   1   2   1   0   1  11   0   0   1  0.88 0.40
  244 G    -4  -4  -2  -2  -6  -5  -4   7  -6  -7  -7  -3  -6  -7  -2  -3  -5  -6  -7  -2    0   1   2   2   0   0   1  86   0   0   0   2   0   0   3   1   0   0   0   4  1.96 0.64
  245 V    -2  -4  -4  -4  -2  -4  -5  -6  -5   1   4  -3   1   0  -4  -5  -3  -5  -2   4    2   0   1   1   0   0   0   0   0   5  47   1   3   4   0   0   0   0   1  34  0.90 0.38
  246 E    -2   0  -1   3  -5   2   3  -4   1  -3  -3   4  -2  -4  -2  -2  -1  -2  -3  -2    1   5   2  18   0   8  20   0   3   1   3  27   1   0   1   1   3   1   1   3  0.55 0.29
  247 I    -2  -4   0  -5  -2   1  -4  -5  -3   3   1  -4  -1  -3  -5  -3   0  -2  -2   5    1   0   5   0   1   8   0   0   0  16  10   0   1   1   0   1   6   1   1  48  0.76 0.36
  248 Q     3  -1   0  -2  -2   3  -1  -2   6   0  -2  -1   3  -2  -3  -1  -2  -4  -1  -2   26   2   4   2   1  15   2   1  21   5   1   2   9   1   0   4   1   0   2   1  0.48 0.25
  249 V    -3  -5  -5  -5   0  -5  -3  -6  -5   5   0  -5   0   3  -5  -4  -3  -4   0   4    0   0   0   0   2   0   2   0   0  46   7   0   2  13   0   0   0   0   3  27  0.97 0.33
  250 T    -1  -4  -3  -4  -4  -4  -4  -5  -5  -4  -5  -4  -4  -6  -4   1   7  -6  -5  -3    4   0   0   0   0   0   0   0   0   0   0   0   0   0   0   8  89   0   0   0  1.97 0.60
  251 E    -2  -3  -4  -2  -7   1   7  -5  -3  -7  -6  -2  -5  -7  -4  -3  -4  -6  -5  -6    4   0   0   0   0   4  92   0   0   0   0   0   0   0   0   0   0   0   0   0  2.14 0.62
  252 L    -2  -4  -5  -6  -3  -4  -5  -5  -5   1   5  -4   5   0  -5  -4  -2   1  -3   1    3   0   0   0   0   0   0   0   0   7  58   0  14   3   0   0   1   2   0  10  0.94 0.32
  253 D    -5  -5  -2   8  -7  -4  -2  -5  -5  -7  -7  -4  -7  -7  -5  -2  -4  -8  -7  -7    0   0   0  99   0   0   0   0   0   0   0   0   0   0   0   1   0   0   0   0  2.65 0.73
  254 M    -3  -5  -4  -1  -1  -5  -5  -6  -6   5  -1  -5   1  -2  -5  -4  -3  -5  -4   6    1   0   1   4   1   0   0   0   0  32   0   0   4   1   0   0   0   0   0  57  1.20 0.44
  255 N    -1   7   0  -4  -6  -1  -3  -3  -3  -5  -5   0  -1  -6  -2  -2   1  -6  -5  -5    4  73   4   0   0   1   0   2   0   0   0   2   1   0   2   2   9   0   0   0  1.48 0.52
  256 M    -2  -4  -5  -5   0  -3  -5  -4  -5   4   1  -4   7  -3  -5  -2   2  -4  -3   1    1   0   0   0   2   1   0   1   0  31   7   0  38   0   0   2  13   0   0   5  1.05 0.42
  257 N    -1   1   0   0  -4   3  -1   1  -2  -2  -2   0  -3  -3   3  -1   2  -4  -2  -2    3   7   5   4   0  20   2  12   0   3   3   3   0   1  18   2  14   0   1   1  0.37 0.21
  258 G    -2  -3  -1   0  -3  -2  -1   1  -3  -1   3  -1   2  -2  -2  -1   2  -4  -2  -1    0   0   2   7   0   1   4  13   0   1  37   3   7   0   1   3  18   0   1   3  0.29 0.22
  259 D    -1  -4   0  -2  -6  -4  -2  -3  -5  -6  -3  -4  -5  -6   8  -3  -2  -7  -3  -5    4   1   4   2   0   0   2   2   0   0   2   0   0   0  79   1   2   0   1   0  2.15 0.61
  260 V     4  -1  -2  -2  -3  -1  -1  -2  -3  -1  -2  -1  -2  -3   0   0   0  -4  -2   3   39   3   2   2   0   3   3   2   0   0   2   3   0   0   4   6   3   0   1  28  0.39 0.25
  261 S    -2  -4   1   4  -4  -3  -2  -2  -4  -4  -5  -3  -4  -5  -3   2   5  -6  -5  -4    2   0   6  23   0   0   0   2   0   0   0   0   0   0   1  17  49   0   0   0  1.01 0.43
  262 N     1  -1   0   2  -4   3   2  -1  -1  -4  -4  -1  -3  -5   3   2   0  -5  -4  -3   13   3   5  14   0  15  13   3   1   1   0   2   0   0  14  15   4   0   0   0  0.43 0.22
  263 D     3   0  -2   1  -3   0   2  -1  -2  -2  -3  -1  -2  -2  -3   1   1  -4  -3  -1   37   4   1   9   0   3  18   3   0   2   0   1   1   1   0   7  11   0   0   2  0.39 0.24
  264 A     1   0   1   0  -4   0   1  -2  -1  -3  -1   5  -1  -4  -3  -1  -1  -5  -3  -2   16   3   7   3   0   2   9   2   1   0   8  40   1   0   0   3   1   0   0   2  0.44 0.25
  265 L    -3  -3  -5  -2  -4  -1  -2  -5  -4   1   5  -3  -1   0  -5  -4  -3  -1   0   0    2   1   0   3   0   3   2   0   0   4  74   2   0   3   0   0   1   1   3   4  0.93 0.38
  266 L     3   0   0   0  -3   3   1  -3  -2   0  -1  -1  -2  -3  -3   0   0  -4  -3   0   33   4   5   4   0  17   8   0   0   7   4   2   0   0   0   3   6   0   0   6  0.30 0.22
  267 K     1   1  -1   0  -4   5   2  -2  -2  -3  -3   1  -3  -5  -3  -1   2  -4  -4  -1   16   7   2   6   0  32  11   1   0   1   1   6   0   0   0   1  12   0   0   4  0.50 0.28
  268 Q    -3  -3  -4  -4  -7   9  -2  -6  -1  -7  -6  -2  -4  -7  -5  -4  -4  -6  -5  -6    2   0   0   0   0  97   0   0   1   0   0   0   0   0   0   0   0   0   0   0  2.70 0.83
  269 A     5  -2   1  -1  -4  -1  -1   2  -3  -3  -4  -1  -1  -5  -3  -1  -1  -6  -5  -2   54   2   6   3   0   3   4  13   1   1   1   3   1   0   1   3   4   0   0   2  0.76 0.46
  270 R     1   0   1   2  -4   2   2  -3   0  -3  -3   1  -2  -3  -4   0   1   0   1  -2   11   4   8  11   0  10  17   1   2   1   2   9   1   1   0   5  10   1   5   2  0.29 0.24
  271 L    -1   4   0   2  -5   1  -1  -2   0  -1  -1   1   0  -1  -4  -2  -1   1   2  -1    5  27   3  14   0   6   2   2   2   4   5   7   3   3   0   2   3   2   9   4  0.35 0.27
  272 Y    -4  -7  -7  -4  -1  -7  -7  -8  -4  -6  -4  -7   0   3  -8  -7  -4   2   9  -3    1   0   0   1   1   0   0   0   0   0   1   0   3   9   0   0   1   2  79   2  2.79 1.06
  273 K     2   2  -1  -1  -2   1   1   0  -1  -3  -1   2  -1  -3  -3   0  -1  -2  -1  -1   20  13   2   3   1   7   8   6   1   1   6  16   1   1   0   5   3   1   2   3  0.22 0.20
  274 Q     0   1   2   3  -5   2   2  -2  -1  -3  -3   1   1  -3  -4   0   0  -5  -2  -3    9   6  11  18   0  12  13   2   1   1   2   8   4   1   0   5   6   0   1   2  0.35 0.26
  275 L     0  -5  -6  -6  -1  -5  -5  -6  -2   3   3  -5   2   2  -5  -3  -1  -1  -1   3    7   0   0   0   1   0   0   0   1  15  31   0   5   9   0   1   3   1   2  24  0.70 0.37
  276 F    -2  -6  -4  -7  -2  -4  -6  -6  -5   0   1  -6   3   7  -6  -4   0   1  -2   3    4   0   1   0   1   1   0   0   0   4  10   0   6  46   0   1   7   2   0  18  1.18 0.56
  277 D    -1   2   3   2  -3   2   2  -2  -1  -5  -4   3  -2  -5  -3   0   0  -5  -3  -4    6  11  13  13   1   9  13   2   1   0   1  18   1   0   1   5   4   0   1   1  0.47 0.31
  278 L     3  -4  -2  -1  -2  -2  -2  -2  -4   2   2  -2   2  -2  -4  -1  -1  -2  -4   1   28   0   2   4   1   1   2   3   0  14  21   3   4   1   0   3   4   1   0  10  0.35 0.27
  279 F    -2  -7  -7  -7   9  -7  -7  -7  -6   0   0  -7   0   5  -7  -4  -4   0   3  -2    3   0   0   0  39   0   0   0   0   4  10   0   2  27   0   1   1   1   9   2  1.75 0.70
  280 K    -3   5  -2  -4  -4  -1   0  -4   0   0   1   3   1  -3  -4  -3  -2  -1  -1  -1    0  37   1   0   0   1   4   1   2   4  17  20   3   0   0   1   1   1   2   4  0.64 0.33
  281 A     0   3  -1   0  -5   1   3  -3  -2  -5  -4   5  -4  -5  -4  -1  -3  -5  -3  -4    9  14   3   5   0   5  18   1   0   0   1  40   0   0   0   4   1   0   0   0  0.77 0.36
  282 E    -5  -1   1  -5  -6   0  -1  -6   8  -5  -1  -2  -1  -1  -6  -4  -5  -3   6  -4    0   3   5   0   0   3   3   0  41   0   6   2   2   2   0   0   0   0  31   1  1.56 0.56
  283 K     2   3  -2  -2  -4   2  -1  -2   0  -5  -5   4  -4  -5  -2   2  -2  -5  -4  -4   21  16   1   2   0   8   2   2   2   0   0  27   0   0   1  18   1   0   0   0  0.60 0.33
  284 Q     0  -2   2   6  -5   0   1   1   0  -6  -6   1  -5  -6  -4  -1  -3  -6  -4  -5    8   1   8  48   0   3   8  11   2   0   0   7   0   0   0   3   0   0   0   0  0.92 0.39
  285 Y    -1  -1   1   0  -3   1  -1  -3   3   0  -2   3  -2  -2  -3   1  -1  -4   1   2    4   1   7   6   0   6   2   0   9   4   3  21   1   1   0  10   3   0   5  19  0.23 0.20
  286 I    -4  -6  -6  -6   1  -6  -6  -7  -6   7   2  -6   0   0  -6  -5  -3  -5  -4   2    0   0   0   0   3   0   0   0   0  64  15   0   1   3   0   0   1   0   0  14  1.43 0.50
  287 T    -1  -2  -2   2  -4  -1   1  -2  -2  -3  -3  -1  -4  -2  -2   3   4  -5  -3  -3    3   2   1  13   0   1  10   2   1   0   3   2   0   2   1  29  30   0   1   0  0.57 0.34
  288 A     1   2   0  -1  -1  -2  -1   3  -2  -3  -3  -1   0  -3  -3   2   0  -4  -4  -3   15  14   4   4   1   0   2  26   1   1   2   1   2   1   0  20   4   0   0   1  0.39 0.24
  289 V    -2  -5  -5  -6  -4  -5  -5  -6  -5   3   1  -5   0   3  -5  -4  -2  -4   0   5    2   0   0   0   0   0   0   0   0  17   8   0   2  12   0   0   2   0   3  54  1.02 0.42
  290 V     0  -2  -1  -2  -1  -1  -2  -2  -2   1   0  -1   0  -2  -2   0   3  -3  -1   3    0   0   0   0   0   0   0   0   0   0   0   0   0   0   0   0  51   0   0  49  0.26 0.01
  291 F    -1  -3  -3  -3  -2  -3  -3  -3  -2   2   1  -3   0   4  -3  -2  -1   0   2   3    0   0   0   0   0   0   0   0   0   0   0   0   0  49   0   0   0   0   0  51  0.35 0.01
  292 W    -3   1  -3  -4  -3  -2  -3  -3  -2  -3  -2  -2  -2   1  -4  -3  -2  11   2  -3    0  13   0   0   0   0   0   0   0   0   0   0   0   0   0   0   0  87   0   0  1.97 0.02
  293 G     0  -2   0  -1  -3  -2  -2   6  -2  -4  -4  -2  -3  -3  -2   0  -2  -3  -3  -3    0   0   0   0   0   0   0 100   0   0   0   0   0   0   0   0   0   0   0   0  1.06 0.01
  294 V     0  -3  -3  -3  -1  -2  -3  -3  -3   2   2  -2   1  -1  -3  -2   0  -3  -1   4    0   0   0   0   0   0   0   0   0   0  19   0   0   0   0   0   0   0   0  81  0.33 0.01
  295 S     0  -1   1   3  -2   0   2  -1  -1  -3  -3   0  -2  -3  -1   3   0  -3  -2  -2    0   0   0  33   0   0  19   0   0   0   0   0   0   0   0  49   0   0   0   0  0.43 0.01
  296 D    -2  -2   1   6  -4   0   2  -1  -1  -3  -4  -1  -3  -4  -2   0  -1  -4  -3  -3    0   0   0 100   0   0   0   0   0   0   0   0   0   0   0   0   0   0   0   0  0.96 0.01
  297 D     0  -1   1   4  -2   0   1  -1  -1  -3  -3   0  -2  -3  -1   3   0  -4  -2  -2    0   0   0  49   0   0   0   0   0   0   0   0   0   0   0  51   0   0   0   0  0.50 0.01
  298 V    -1   4  -1  -2  -2   0  -1  -3  -1   1   0   1   0  -2  -2  -1  -1  -3  -2   2    0  51   0   0   0   0   0   0   0   0   0   0   0   0   0   0   0   0   0  49  0.27 0.01
  299 S     0  -1   0  -1  -1  -1  -1  -1  -2  -1  -2  -1  -1  -2  -1   2   4  -3  -2   0    0   0   0   0   0   0   0   0   0   0   0   0   0   0   0  24  76   0   0   0  0.43 0.01
  300 W    -3  -3  -4  -4  -3  -2  -3  -3  -3  -3  -2  -3  -2   1  -4  -3  -3  11   2  -3    0   0   0   0   0   0   0   0   0   0   0   0   0   0   0   0   0 100   0   0  2.39 0.02
  301 L    -2  -2  -4  -4  -1  -2  -3  -4  -3   2   4  -3   2   0  -3  -3  -1  -2  -1   1    0   0   0   0   0   0   0   0   0   0 100   0   0   0   0   0   0   0   0   0  0.47 0.01
  302 S     0   4   0  -1  -2   0   0  -1  -1  -3  -2   1  -2  -3  -1   3   0  -3  -2  -2    0  51   0   0   0   0   0   0   0   0   0   0   0   0   0  49   0   0   0   0  0.42 0.01
  303 K     1   1   0  -1  -2   1   0  -1  -1  -2  -2   3  -1  -3  -1   2   0  -3  -2  -2   19   0   0   0   0   0   0   0   0   0   0  49   0   0   0  33   0   0   0   0  0.30 0.00
  304 P     0  -2  -1  -1  -3  -2  -2   4  -2  -3  -3  -1  -3  -4   6  -1  -1  -3  -3  -3    0   0   0   0   0   0   0  51   0   0   0   0   0   0  49   0   0   0   0   0  1.08 0.01
  305 N     3  -1   4   0  -1   0  -1   0   0  -2  -2  -1  -2  -3  -1   1   0  -3  -2  -1   51   0  49   0   0   0   0   0   0   0   0   0   0   0   0   0   0   0   0   0  0.36 0.01
  306 A     4  -2  -2  -2   0  -1  -1   0  -2  -1  -2  -1  -1  -2  -1   1   0  -3  -2   0  100   0   0   0   0   0   0   0   0   0   0   0   0   0   0   0   0   0   0   0  0.42 0.01
  307 P    -1  -2  -2  -2  -3  -1  -1  -2  -2  -3  -3  -1  -3  -4   8  -1  -1  -4  -3  -3    0   0   0   0   0   0   0   0   0   0   0   0   0   0 100   0   0   0   0   0  2.07 0.01
  308 L    -2  -2  -4  -4  -1  -2  -3  -4  -3   2   4  -3   2   0  -3  -3  -1  -2  -1   1    0   0   0   0   0   0   0   0   0   0 100   0   0   0   0   0   0   0   0   0  0.47 0.01
  309 L    -2  -2  -4  -4  -1  -2  -3  -4  -3   2   4  -3   2   0  -3  -3  -1  -2  -1   1    0   0   0   0   0   0   0   0   0   0 100   0   0   0   0   0   0   0   0   0  0.47 0.01
  310 F    -2  -3  -3  -4  -3  -3  -3  -3  -1   0   0  -3   0   6  -4  -3  -2   1   3  -1    0   0   0   0   0   0   0   0   0   0   0   0   0 100   0   0   0   0   0   0  0.78 0.01
  311 D    -2  -2   1   6  -4   0   2  -1  -1  -3  -4  -1  -3  -4  -2   0  -1  -4  -3  -3    0   0   0 100   0   0   0   0   0   0   0   0   0   0   0   0   0   0   0   0  0.96 0.01
  312 S     1  -2   0  -1  -2  -1  -1   4  -2  -3  -3  -1  -2  -3  -1   3   0  -3  -2  -2    0   0   0   0   0   0   0  51   0   0   0   0   0   0   0  49   0   0   0   0  0.54 0.01
  313 K    -1   1   0   2  -3   2   1   1  -1  -3  -3   3  -2  -3  -1   0  -1  -3  -2  -3    0   0   0  16   0  19   0  16   0   0   0  49   0   0   0   0   0   0   0   0  0.35 0.00
  314 L    -2  -2  -4  -4  -1  -2  -3  -4  -3   2   4  -3   2   0  -3  -3  -1  -2  -1   1    0   0   0   0   0   0   0   0   0   0 100   0   0   0   0   0   0   0   0   0  0.47 0.01
  315 Q    -1   1   0   0  -3   6   2  -2   0  -3  -2   1  -1  -3  -1   0  -1  -2  -2  -2    0   0   0   0   0 100   0   0   0   0   0   0   0   0   0   0   0   0   0   0  0.69 0.01
  316 A     4  -2  -2  -2  -1  -1  -1   0  -2   0  -1  -1  -1  -2  -1   1   0  -3  -2   1   81   0   0   0   0   0   0   0   0   0   0   0   0   0   0   0   0   0   0  19  0.31 0.01
  317 K    -1   2   0  -1  -3   1   1  -2  -1  -3  -3   5  -1  -3  -1   0  -1  -3  -2  -2    0   0   0   0   0   0   0   0   0   0   0 100   0   0   0   0   0   0   0   0  0.54 0.01
  318 P     2  -2  -2  -2  -2  -1  -1  -1  -2  -2  -2  -1  -2  -3   7   0  -1  -3  -3  -2   33   0   0   0   0   0   0   0   0   0   0   0   0   0  67   0   0   0   0   0  1.24 0.01
  319 A     4  -2  -2  -2   0  -1  -1   0  -2  -1  -2  -1  -1  -2  -1   1   0  -3  -2   0  100   0   0   0   0   0   0   0   0   0   0   0   0   0   0   0   0   0   0   0  0.42 0.01
  320 Y    -4  -3  -6  -7  -6  -5  -6  -7   0  -2  -1  -3  -4   5  -6  -3  -3   2   8   2    1   1   0   0   0   0   0   0   2   2   5   1   0  19   0   1   1   2  51  13  1.58 0.67
  321 W    -2   0   0   1  -5   1   1  -2   1  -3  -3   0  -2   1  -3  -1   0   8   4  -3    4   4   5   8   0   6   8   2   4   1   1   5   1   6   1   3   7  20  14   1  0.63 0.37
  322 A     4  -2   0  -2  -2  -2  -2   3  -2  -2  -1  -2  -2  -3  -2   1  -1  -4  -3  -2   56   0   6   0   0   0   0  21   0   0   6   0   0   0   0  11   0   0   0   0  0.50 0.15
  323 I     0  -3  -4  -4  -2  -3  -3  -4  -4   3   1  -3   2  -1  -3  -2   0  -3  -2   4   10   0   0   0   0   0   0   0   0  25   6   0   6   0   0   0   3   0   0  49  0.50 0.14
  324 V     1  -1  -2  -3  -2  -2  -2  -3   2   1   2   0   1  -1  -3  -1   0  -3  -1   2   18   3   0   0   0   0   0   0   9   7  25   6   4   0   0   0   3   0   0  25  0.18 0.08
  325 D     0  -2   2   5  -3   1   1  -2   2  -3  -4  -1  -3  -4  -2   1   1  -4  -3  -3    6   0  12  41   0   9   7   0   6   0   0   0   0   0   0   8  12   0   0   0  0.54 0.13
  326 L     3  -2  -2  -2  -2   0  -2  -2  -2  -3  -2  -2  -2   0   5   1   0  -3  -2  -2   39   0   0   0   0   6   0   0   0   0   2   0   0   6  28  14   5   0   0   0  0.57 0.14
  327 G    -1  -2   0   1  -2  -2   0   0  -2   0   3  -2   1   1  -3   0  -1  -2  -1  -1    3   0   5  11   0   0   7   7   0   0  47   0   3   9   0   8   0   0   0   0  0.18 0.10
  328 K     0   1   2  -1  -3  -1   0   3   1  -3  -3   2  -2  -3   1   0  -1  -4  -3  -1    3   6  15   0   0   0   5  29   4   0   0  19   0   0   6   6   0   0   0   7  0.31 0.09
  329 A     2   0  -2  -2  -2  -2  -1   4  -2  -2   0   0  -1   0  -2   0  -1  -3  -2  -1   21   6   0   0   0   0   3  36   0   0  16   6   0   6   0   4   0   0   0   3  0.27 0.09
  330 I     1  -2  -1   0  -2   0   0   1  -2   0  -2  -1   0  -3   2   0   3  -3  -3  -1   19   0   0   5   0   4   6  13   0  11   0   0   3   0  11   3  26   0   0   0  0.22 0.09
  331 P     0  -2  -2   0  -3  -2   0   1  -3  -2  -3  -1  -2  -4   6   0   0  -4  -3   0    5   0   0   6   0   0   4  11   0   0   0   3   0   0  45   7   7   0   0  11  0.76 0.14
  332 D     0   0   0   1   2  -1   2   0  -2   0  -1  -1  -2  -3   1   2   1  -3  -2  -1    8   4   2   8   6   0  18   7   0   9   3   0   0   0   5  22   9   0   0   0  0.16 0.07
  333 I     0  -1  -1  -2  -3   2   0  -1   1   2  -2  -1  -1  -3   3  -1   3  -3  -2  -1    5   2   0   0   0  12   6   6   6  19   0   0   0   0  17   0  27   0   0   0  0.29 0.11
  334 Q    -1   2  -1   2  -3   3   2  -1  -1  -3  -1   0  -2  -3   2  -1   1  -3  -3  -2    5  14   0  13   0  25  13   3   0   0   6   0   0   0  10   0  11   0   0   0  0.34 0.10
  335 S     0   1  -1  -2  -2   0  -1   1   0  -1  -3  -1  -2  -3   3   2   1  -3  -2  -2    6  11   0   0   0   6   0  12   3   6   0   0   0   0  17  28  12   0   0   0  0.32 0.10
  336 A     3  -2  -1   0   3  -1   0  -1  -2  -1  -2   0  -2  -3  -2   2   1  -3  -3  -1   43   0   0   6   9   0   8   0   0   3   0   6   0   0   0  16   9   0   0   0  0.33 0.12
